Data: mercoledì 17 giugno 2020	Ora: 12:49
Analizzatore  1: TOF TOF LR	Analizzatore  2: R66 ROUTE66_HR_XPS	
pass energy/rall 1: 0.00	pass energy/rall 2: 40.00	
******************************************************
Scansione:    angolo polare
Min (eV): 242.00	Max (eV): 343.00	Step (eV): 0.25	
kinetic energy 1 (eV): 0.00	kinetic energy 2 (eV): 1198.70
polar angle (deg): 343.00	X axis (mm): 580.00
*******************  R66 parameters ********************
Step in ch_x_eV: 10	Ch x eV @ Ep=1eV: 5236
binned channels: 7	same region acquisitions: 41
******************************************************
Acq. time (s):  4.00	Number of scans:  1	Total acq. time (s):  4.00
******************************************************
242.000000	0.000000
242.250000	0.000000
242.500000	0.000000
242.750000	0.000000
243.000000	0.000000
243.250000	0.000000
243.500000	0.000000
243.750000	0.000000
244.000000	0.000000
244.250000	1.000000
244.500000	1.000000
244.750000	0.000000
245.000000	0.000000
245.250000	0.000000
245.500000	1.000000
245.750000	2.000000
246.000000	1.000000
246.250000	6.000000
246.500000	6.000000
246.750000	10.000000
247.000000	10.000000
247.250000	22.000000
247.500000	26.000000
247.750000	34.000000
248.000000	37.000000
248.250000	43.000000
248.500000	48.000000
248.750000	66.000000
249.000000	69.000000
249.250000	85.000000
249.500000	98.000000
249.750000	114.000000
250.000000	122.000000
250.250000	135.000000
250.500000	156.000000
250.750000	176.000000
251.000000	179.000000
251.250000	209.000000
251.500000	234.000000
251.750000	250.000000
252.000000	268.000000
252.250000	321.000000
252.500000	327.000000
252.750000	355.000000
253.000000	378.000000
253.250000	387.000000
253.500000	418.000000
253.750000	412.000000
254.000000	441.000000
254.250000	459.000000
254.500000	480.000000
254.750000	481.000000
255.000000	507.000000
255.250000	517.000000
255.500000	495.000000
255.750000	521.000000
256.000000	581.000000
256.250000	577.000000
256.500000	548.000000
256.750000	544.000000
257.000000	528.000000
257.250000	575.000000
257.500000	529.000000
257.750000	563.000000
258.000000	563.000000
258.250000	565.000000
258.500000	549.000000
258.750000	573.000000
259.000000	536.000000
259.250000	555.000000
259.500000	551.000000
259.750000	560.000000
260.000000	557.000000
260.250000	554.000000
260.500000	544.000000
260.750000	568.000000
261.000000	566.000000
261.250000	562.000000
261.500000	564.000000
261.750000	573.000000
262.000000	546.000000
262.250000	569.000000
262.500000	573.000000
262.750000	571.000000
263.000000	551.000000
263.250000	565.000000
263.500000	551.000000
263.750000	542.000000
264.000000	593.000000
264.250000	559.000000
264.500000	566.000000
264.750000	576.000000
265.000000	551.000000
265.250000	528.000000
265.500000	554.000000
265.750000	552.000000
266.000000	553.000000
266.250000	546.000000
266.500000	556.000000
266.750000	555.000000
267.000000	543.000000
267.250000	578.000000
267.500000	539.000000
267.750000	559.000000
268.000000	560.000000
268.250000	551.000000
268.500000	567.000000
268.750000	539.000000
269.000000	556.000000
269.250000	574.000000
269.500000	523.000000
269.750000	553.000000
270.000000	550.000000
270.250000	555.000000
270.500000	549.000000
270.750000	532.000000
271.000000	584.000000
271.250000	554.000000
271.500000	532.000000
271.750000	557.000000
272.000000	540.000000
272.250000	545.000000
272.500000	532.000000
272.750000	550.000000
273.000000	542.000000
273.250000	556.000000
273.500000	560.000000
273.750000	543.000000
274.000000	534.000000
274.250000	547.000000
274.500000	532.000000
274.750000	541.000000
275.000000	538.000000
275.250000	555.000000
275.500000	572.000000
275.750000	560.000000
276.000000	544.000000
276.250000	527.000000
276.500000	543.000000
276.750000	517.000000
277.000000	526.000000
277.250000	577.000000
277.500000	539.000000
277.750000	534.000000
278.000000	523.000000
278.250000	516.000000
278.500000	506.000000
278.750000	522.000000
279.000000	535.000000
279.250000	519.000000
279.500000	526.000000
279.750000	548.000000
280.000000	533.000000
280.250000	501.000000
280.500000	537.000000
280.750000	519.000000
281.000000	526.000000
281.250000	511.000000
281.500000	512.000000
281.750000	523.000000
282.000000	513.000000
282.250000	509.000000
282.500000	484.000000
282.750000	491.000000
283.000000	494.000000
283.250000	524.000000
283.500000	517.000000
283.750000	497.000000
284.000000	471.000000
284.250000	494.000000
284.500000	465.000000
284.750000	510.000000
285.000000	482.000000
285.250000	499.000000
285.500000	485.000000
285.750000	507.000000
286.000000	488.000000
286.250000	475.000000
286.500000	463.000000
286.750000	450.000000
287.000000	472.000000
287.250000	477.000000
287.500000	488.000000
287.750000	479.000000
288.000000	472.000000
288.250000	489.000000
288.500000	497.000000
288.750000	463.000000
289.000000	461.000000
289.250000	458.000000
289.500000	446.000000
289.750000	452.000000
290.000000	489.000000
290.250000	461.000000
290.500000	463.000000
290.750000	472.000000
291.000000	446.000000
291.250000	452.000000
291.500000	463.000000
291.750000	428.000000
292.000000	445.000000
292.250000	428.000000
292.500000	436.000000
292.750000	434.000000
293.000000	423.000000
293.250000	476.000000
293.500000	451.000000
293.750000	436.000000
294.000000	442.000000
294.250000	439.000000
294.500000	439.000000
294.750000	453.000000
295.000000	439.000000
295.250000	446.000000
295.500000	445.000000
295.750000	416.000000
296.000000	441.000000
296.250000	450.000000
296.500000	411.000000
296.750000	437.000000
297.000000	424.000000
297.250000	408.000000
297.500000	422.000000
297.750000	432.000000
298.000000	431.000000
298.250000	409.000000
298.500000	406.000000
298.750000	422.000000
299.000000	420.000000
299.250000	392.000000
299.500000	421.000000
299.750000	415.000000
300.000000	417.000000
300.250000	415.000000
300.500000	431.000000
300.750000	422.000000
301.000000	420.000000
301.250000	421.000000
301.500000	411.000000
301.750000	404.000000
302.000000	423.000000
302.250000	394.000000
302.500000	403.000000
302.750000	408.000000
303.000000	392.000000
303.250000	400.000000
303.500000	402.000000
303.750000	391.000000
304.000000	399.000000
304.250000	410.000000
304.500000	426.000000
304.750000	379.000000
305.000000	380.000000
305.250000	399.000000
305.500000	384.000000
305.750000	378.000000
306.000000	404.000000
306.250000	377.000000
306.500000	381.000000
306.750000	374.000000
307.000000	383.000000
307.250000	373.000000
307.500000	385.000000
307.750000	366.000000
308.000000	362.000000
308.250000	353.000000
308.500000	371.000000
308.750000	379.000000
309.000000	364.000000
309.250000	369.000000
309.500000	354.000000
309.750000	371.000000
310.000000	374.000000
310.250000	348.000000
310.500000	361.000000
310.750000	363.000000
311.000000	339.000000
311.250000	367.000000
311.500000	371.000000
311.750000	343.000000
312.000000	340.000000
312.250000	346.000000
312.500000	342.000000
312.750000	345.000000
313.000000	338.000000
313.250000	354.000000
313.500000	338.000000
313.750000	335.000000
314.000000	334.000000
314.250000	347.000000
314.500000	331.000000
314.750000	336.000000
315.000000	331.000000
315.250000	341.000000
315.500000	303.000000
315.750000	339.000000
316.000000	302.000000
316.250000	319.000000
316.500000	293.000000
316.750000	322.000000
317.000000	310.000000
317.250000	307.000000
317.500000	307.000000
317.750000	303.000000
318.000000	327.000000
318.250000	285.000000
318.500000	297.000000
318.750000	278.000000
319.000000	292.000000
319.250000	287.000000
319.500000	280.000000
319.750000	300.000000
320.000000	301.000000
320.250000	277.000000
320.500000	290.000000
320.750000	289.000000
321.000000	287.000000
321.250000	271.000000
321.500000	289.000000
321.750000	276.000000
322.000000	262.000000
322.250000	253.000000
322.500000	275.000000
322.750000	306.000000
323.000000	264.000000
323.250000	256.000000
323.500000	258.000000
323.750000	258.000000
324.000000	254.000000
324.250000	252.000000
324.500000	252.000000
324.750000	254.000000
325.000000	249.000000
325.250000	247.000000
325.500000	248.000000
325.750000	232.000000
326.000000	245.000000
326.250000	241.000000
326.500000	213.000000
326.750000	236.000000
327.000000	235.000000
327.250000	235.000000
327.500000	232.000000
327.750000	245.000000
328.000000	220.000000
328.250000	228.000000
328.500000	241.000000
328.750000	207.000000
329.000000	205.000000
329.250000	225.000000
329.500000	229.000000
329.750000	223.000000
330.000000	202.000000
330.250000	208.000000
330.500000	208.000000
330.750000	212.000000
331.000000	202.000000
331.250000	191.000000
331.500000	194.000000
331.750000	182.000000
332.000000	178.000000
332.250000	193.000000
332.500000	183.000000
332.750000	202.000000
333.000000	183.000000
333.250000	197.000000
333.500000	180.000000
333.750000	176.000000
334.000000	189.000000
334.250000	173.000000
334.500000	194.000000
334.750000	190.000000
335.000000	165.000000
335.250000	167.000000
335.500000	170.000000
335.750000	165.000000
336.000000	180.000000
336.250000	150.000000
336.500000	136.000000
336.750000	156.000000
337.000000	139.000000
337.250000	162.000000
337.500000	147.000000
337.750000	150.000000
338.000000	162.000000
338.250000	139.000000
338.500000	160.000000
338.750000	140.000000
339.000000	153.000000
339.250000	123.000000
339.500000	119.000000
339.750000	122.000000
340.000000	131.000000
340.250000	113.000000
340.500000	112.000000
340.750000	112.000000
341.000000	114.000000
341.250000	127.000000
341.500000	115.000000
341.750000	101.000000
342.000000	81.000000
342.250000	93.000000
342.500000	82.000000
342.750000	76.000000
343.000000	59.000000
