LECROYWR6050,144,Waveform
Segments,1,SegmentSize,1002
Segment,TrigTime,TimeSinceSegment1
#1,17-Jan-2002 00:21:08,0                 
Time,Ampl
-3.49199e-008,0.000284542
-3.47199e-008,-0.000599349
-3.45199e-008,0.000284542
-3.43199e-008,0.000284542
-3.41199e-008,-0.00148324
-3.39199e-008,-0.000599349
-3.37199e-008,0.000284542
-3.35199e-008,0.00116843
-3.33199e-008,0.00116843
-3.31199e-008,0.000284542
-3.29199e-008,0.00116843
-3.27199e-008,0.000284542
-3.25199e-008,0.00116843
-3.23199e-008,0.00116843
-3.21199e-008,0.000284542
-3.19199e-008,-0.00236713
-3.17199e-008,-0.00236713
-3.15199e-008,-0.00148324
-3.13199e-008,-0.000599349
-3.11199e-008,0.00116843
-3.09199e-008,0.00116843
-3.07199e-008,0.00116843
-3.05199e-008,0.000284542
-3.03199e-008,-0.00148324
-3.01199e-008,-0.000599349
-2.99199e-008,-0.000599349
-2.97199e-008,-0.000599349
-2.95199e-008,0.00116843
-2.93199e-008,0.00205233
-2.91199e-008,0.000284542
-2.89199e-008,-0.00148324
-2.87199e-008,-0.000599349
-2.85199e-008,0.000284542
-2.83199e-008,0.000284542
-2.81199e-008,-0.000599349
-2.79199e-008,-0.000599349
-2.77199e-008,0.00205233
-2.75199e-008,0.00116843
-2.73199e-008,-0.000599349
-2.71199e-008,-0.00148324
-2.69199e-008,-0.00236713
-2.67199e-008,-0.000599349
-2.65199e-008,-0.000599349
-2.63199e-008,-0.000599349
-2.61199e-008,0.00116843
-2.59199e-008,0.000284542
-2.57199e-008,0.000284542
-2.55199e-008,-0.000599349
-2.53199e-008,-0.00236713
-2.51199e-008,0.000284542
-2.49199e-008,0.00116843
-2.47199e-008,0.000284542
-2.45199e-008,0.00116843
-2.43199e-008,0.00205233
-2.41199e-008,0.00116843
-2.39199e-008,-0.000599349
-2.37199e-008,-0.000599349
-2.35199e-008,-0.000599349
-2.33199e-008,-0.000599349
-2.31199e-008,-0.00148324
-2.29199e-008,0.000284542
-2.27199e-008,0.00205233
-2.25199e-008,0.00205233
-2.23199e-008,0.00116843
-2.21199e-008,0.00293622
-2.19199e-008,-0.000599349
-2.17199e-008,-0.00325103
-2.15199e-008,-0.000599349
-2.13199e-008,-0.000599349
-2.11199e-008,-0.000599349
-2.09199e-008,0.000284542
-2.07199e-008,-0.000599349
-2.05199e-008,0.000284542
-2.03199e-008,0.00205233
-2.01199e-008,0.00293622
-1.99199e-008,0.00116843
-1.97199e-008,-0.000599349
-1.95199e-008,0.000284542
-1.93199e-008,-0.00148324
-1.91199e-008,0.000284542
-1.89199e-008,-0.00148324
-1.87199e-008,0.000284542
-1.85199e-008,-0.000599349
-1.83199e-008,-0.000599349
-1.81199e-008,0.000284542
-1.79199e-008,-0.000599349
-1.77199e-008,-0.000599349
-1.75199e-008,-0.000599349
-1.73199e-008,-0.000599349
-1.71199e-008,-0.000599349
-1.69199e-008,-0.000599349
-1.67199e-008,0.00116843
-1.65199e-008,0.000284542
-1.63199e-008,0.00116843
-1.61199e-008,0.000284542
-1.59199e-008,0.000284542
-1.57199e-008,-0.000599349
-1.55199e-008,-0.000599349
-1.53199e-008,0.000284542
-1.51199e-008,-0.000599349
-1.49199e-008,0.000284542
-1.47199e-008,0.000284542
-1.45199e-008,0.000284542
-1.43199e-008,0.000284542
-1.41199e-008,0.000284542
-1.39199e-008,0.000284542
-1.37199e-008,0.00116843
-1.35199e-008,0.000284542
-1.33199e-008,0.00116843
-1.31199e-008,0.00205233
-1.29199e-008,0.00205233
-1.27199e-008,0.000284542
-1.25199e-008,-0.000599349
-1.23199e-008,-0.000599349
-1.21199e-008,-0.00236713
-1.19199e-008,0.000284542
-1.17199e-008,0.00116843
-1.15199e-008,0.00205233
-1.13199e-008,0.00205233
-1.11199e-008,0.000284542
-1.09199e-008,-0.00148324
-1.07199e-008,-0.00148324
-1.05199e-008,-0.000599349
-1.03199e-008,-0.000599349
-1.01199e-008,0.00205233
-9.91988e-009,0.00205233
-9.71988e-009,0.00116843
-9.51988e-009,0.00205233
-9.31988e-009,0.00116843
-9.11988e-009,0.00116843
-8.91988e-009,0.00293622
-8.71988e-009,0.00116843
-8.51988e-009,0.00116843
-8.31988e-009,0.00293622
-8.11988e-009,0.00205233
-7.91988e-009,0.000284542
-7.71988e-009,0.00116843
-7.51988e-009,0.000284542
-7.31988e-009,-0.000599349
-7.11988e-009,-0.00236713
-6.91988e-009,0.000284542
-6.71988e-009,-0.000599349
-6.51988e-009,0.00205233
-6.31988e-009,0.00116843
-6.11988e-009,0.000284542
-5.91988e-009,0.000284542
-5.71988e-009,-0.000599349
-5.51988e-009,-0.000599349
-5.31988e-009,0.000284542
-5.11988e-009,-0.000599349
-4.91988e-009,0.000284542
-4.71988e-009,0.000284542
-4.51988e-009,0.000284542
-4.31988e-009,0.00116843
-4.11988e-009,0.00116843
-3.91988e-009,0.00205233
-3.71988e-009,0.000284542
-3.51988e-009,0.00205233
-3.31988e-009,0.000284542
-3.11988e-009,-0.00148324
-2.91988e-009,-0.00148324
-2.71988e-009,-0.00325103
-2.51988e-009,-0.000599349
-2.31988e-009,-0.00148324
-2.11988e-009,0.000284542
-1.91988e-009,-0.000599349
-1.71988e-009,-0.000599349
-1.51988e-009,0.00116843
-1.31988e-009,0.000284542
-1.11988e-009,0.00205233
-9.19884e-010,0.00116843
-7.19884e-010,0.00116843
-5.19884e-010,0.00382011
-3.19884e-010,0.00116843
-1.19884e-010,-0.000599349
8.01161e-011,-0.000599349
2.80116e-010,-0.000599349
4.80116e-010,-0.00148324
6.80116e-010,-0.000599349
8.80116e-010,-0.000599349
1.08012e-009,0.000284542
1.28012e-009,0.000284542
1.48012e-009,0.00116843
1.68012e-009,-0.000599349
1.88012e-009,-0.000599349
2.08012e-009,-0.000599349
2.28012e-009,-0.00236713
2.48012e-009,0.000284542
2.68012e-009,0.00205233
2.88012e-009,0.00116843
3.08012e-009,0.00116843
3.28012e-009,0.00116843
3.48012e-009,0.00116843
3.68012e-009,0.00116843
3.88012e-009,0.000284542
4.08012e-009,0.00205233
4.28012e-009,0.00205233
4.48012e-009,0.000284542
4.68012e-009,0.000284542
4.88012e-009,0.000284542
5.08012e-009,-0.000599349
5.28012e-009,-0.000599349
5.48012e-009,0.000284542
5.68012e-009,0.00116843
5.88012e-009,0.00205233
6.08012e-009,0.000284542
6.28012e-009,-0.000599349
6.48012e-009,0.000284542
6.68012e-009,0.00116843
6.88012e-009,0.000284542
7.08012e-009,0.00116843
7.28012e-009,0.000284542
7.48012e-009,0.000284542
7.68012e-009,0.000284542
7.88012e-009,0.000284542
8.08012e-009,0.00116843
8.28012e-009,-0.000599349
8.48012e-009,-0.000599349
8.68012e-009,-0.000599349
8.88012e-009,-0.00148324
9.08012e-009,0.00116843
9.28012e-009,0.000284542
9.48012e-009,0.000284542
9.68012e-009,0.000284542
9.88012e-009,0.000284542
1.00801e-008,-0.000599349
1.02801e-008,0.00116843
1.04801e-008,0.000284542
1.06801e-008,0.00116843
1.08801e-008,0.000284542
1.10801e-008,0.00205233
1.12801e-008,0.00205233
1.14801e-008,0.00116843
1.16801e-008,0.00116843
1.18801e-008,-0.000599349
1.20801e-008,0.000284542
1.22801e-008,0.000284542
1.24801e-008,0.00205233
1.26801e-008,0.00205233
1.28801e-008,0.00205233
1.30801e-008,0.00116843
1.32801e-008,0.00116843
1.34801e-008,0.00116843
1.36801e-008,0.000284542
1.38801e-008,0.00116843
1.40801e-008,-0.000599349
1.42801e-008,-0.00148324
1.44801e-008,0.00116843
1.46801e-008,0.00116843
1.48801e-008,0.000284542
1.50801e-008,0.00205233
1.52801e-008,0.00116843
1.54801e-008,0.000284542
1.56801e-008,-0.000599349
1.58801e-008,-0.00325103
1.60801e-008,-0.00236713
1.62801e-008,-0.00236713
1.64801e-008,0.00116843
1.66801e-008,0.000284542
1.68801e-008,0.00116843
1.70801e-008,0.000284542
1.72801e-008,-0.00148324
1.74801e-008,-0.00325103
1.76801e-008,-0.00236713
1.78801e-008,-0.00148324
1.80801e-008,0.000284542
1.82801e-008,-0.000599349
1.84801e-008,0.00116843
1.86801e-008,0.00205233
1.88801e-008,0.00116843
1.90801e-008,0.00116843
1.92801e-008,0.00116843
1.94801e-008,0.000284542
1.96801e-008,-0.00148324
1.98801e-008,-0.000599349
2.00801e-008,-0.00148324
2.02801e-008,-0.00148324
2.04801e-008,-0.00148324
2.06801e-008,-0.00148324
2.08801e-008,-0.000599349
2.10801e-008,0.000284542
2.12801e-008,0.00205233
2.14801e-008,0.00116843
2.16801e-008,0.00293622
2.18801e-008,0.00293622
2.20801e-008,0.00116843
2.22801e-008,0.00205233
2.24801e-008,-0.00148324
2.26801e-008,-0.00148324
2.28801e-008,-0.000599349
2.30801e-008,-0.000599349
2.32801e-008,0.000284542
2.34801e-008,0.000284542
2.36801e-008,0.00293622
2.38801e-008,0.00116843
2.40801e-008,0.00116843
2.42801e-008,0.00116843
2.44801e-008,-0.000599349
2.46801e-008,-0.000599349
2.48801e-008,-0.000599349
2.50801e-008,-0.000599349
2.52801e-008,0.000284542
2.54801e-008,0.00205233
2.56801e-008,0.00116843
2.58801e-008,-0.000599349
2.60801e-008,-0.00148324
2.62801e-008,-0.00236713
2.64801e-008,-0.000599349
2.66801e-008,0.00293622
2.68801e-008,0.00116843
2.70801e-008,0.000284542
2.72801e-008,-0.000599349
2.74801e-008,0.000284542
2.76801e-008,0.00116843
2.78801e-008,0.00205233
2.80801e-008,0.00116843
2.82801e-008,0.00205233
2.84801e-008,0.000284542
2.86801e-008,0.000284542
2.88801e-008,-0.000599349
2.90801e-008,-0.00148324
2.92801e-008,-0.00236713
2.94801e-008,-0.000599349
2.96801e-008,-0.00148324
2.98801e-008,0.00116843
3.00801e-008,0.00116843
3.02801e-008,0.00116843
3.04801e-008,0.00116843
3.06801e-008,0.00116843
3.08801e-008,0.000284542
3.10801e-008,0.00116843
3.12801e-008,0.00205233
3.14801e-008,0.00116843
3.16801e-008,0.000284542
3.18801e-008,0.000284542
3.20801e-008,-0.000599349
3.22801e-008,-0.000599349
3.24801e-008,0.000284542
3.26801e-008,0.000284542
3.28801e-008,0.00205233
3.30801e-008,0.00205233
3.32801e-008,0.00205233
3.34801e-008,-0.000599349
3.36801e-008,0.00116843
3.38801e-008,0.000284542
3.40801e-008,0.000284542
3.42801e-008,-0.000599349
3.44801e-008,0.00116843
3.46801e-008,0.00116843
3.48801e-008,0.00116843
3.50801e-008,0.00116843
3.52801e-008,0.00116843
3.54801e-008,-0.00148324
3.56801e-008,-0.000599349
3.58801e-008,-0.00148324
3.60801e-008,-0.000599349
3.62801e-008,0.00116843
3.64801e-008,0.00116843
3.66801e-008,0.00116843
3.68801e-008,0.000284542
3.70801e-008,-0.00148324
3.72801e-008,-0.00148324
3.74801e-008,-0.00148324
3.76801e-008,-0.00148324
3.78801e-008,-0.00236713
3.80801e-008,-0.00148324
3.82801e-008,-0.000599349
3.84801e-008,0.00116843
3.86801e-008,0.00116843
3.88801e-008,0.00116843
3.90801e-008,0.00293622
3.92801e-008,0.00116843
3.94801e-008,-0.000599349
3.96801e-008,0.000284542
3.98801e-008,0.000284542
4.00801e-008,0.000284542
4.02801e-008,-0.00148324
4.04801e-008,-0.000599349
4.06801e-008,0.000284542
4.08801e-008,0.000284542
4.10801e-008,0.00116843
4.12801e-008,0.00205233
4.14801e-008,0.000284542
4.16801e-008,0.00116843
4.18801e-008,0.000284542
4.20801e-008,0.000284542
4.22801e-008,-0.000599349
4.24801e-008,0.000284542
4.26801e-008,0.000284542
4.28801e-008,0.00116843
4.30801e-008,0.00205233
4.32801e-008,0.00205233
4.34801e-008,0.00116843
4.36801e-008,0.000284542
4.38801e-008,0.000284542
4.40801e-008,0.00116843
4.42801e-008,0.000284542
4.44801e-008,0.00293622
4.46801e-008,0.00205233
4.48801e-008,0.000284542
4.50801e-008,-0.00148324
4.52801e-008,-0.00236713
4.54801e-008,-0.00148324
4.56801e-008,-0.000599349
4.58801e-008,0.000284542
4.60801e-008,0.000284542
4.62801e-008,0.00116843
4.64801e-008,0.00116843
4.66801e-008,0.00116843
4.68801e-008,0.00293622
4.70801e-008,0.00293622
4.72801e-008,0.00116843
4.74801e-008,0.000284542
4.76801e-008,0.00205233
4.78801e-008,0.00116843
4.80801e-008,0.00205233
4.82801e-008,-0.00148324
4.84801e-008,-0.000599349
4.86801e-008,-0.000599349
4.88801e-008,0.000284542
4.90801e-008,0.000284542
4.92801e-008,-0.00148324
4.94801e-008,-0.000599349
4.96801e-008,-0.00148324
4.98801e-008,-0.00148324
5.00801e-008,-0.00148324
5.02801e-008,0.000284542
5.04801e-008,0.00116843
5.06801e-008,0.000284542
5.08801e-008,-0.000599349
5.10801e-008,-0.00236713
5.12801e-008,-0.00148324
5.14801e-008,-0.00236713
5.16801e-008,0.00116843
5.18801e-008,0.00205233
5.20801e-008,0.00205233
5.22801e-008,0.00293622
5.24801e-008,0.000284542
5.26801e-008,-0.00148324
5.28801e-008,-0.000599349
5.30801e-008,0.000284542
5.32801e-008,-0.00148324
5.34801e-008,0.000284542
5.36801e-008,0.000284542
5.38801e-008,0.000284542
5.40801e-008,-0.000599349
5.42801e-008,-0.00148324
5.44801e-008,-0.00148324
5.46801e-008,-0.00148324
5.48801e-008,0.000284542
5.50801e-008,0.00116843
5.52801e-008,0.00205233
5.54801e-008,0.00205233
5.56801e-008,0.00205233
5.58801e-008,0.000284542
5.60801e-008,-0.000599349
5.62801e-008,-0.00148324
5.64801e-008,-0.000599349
5.66801e-008,0.000284542
5.68801e-008,0.000284542
5.70801e-008,0.00205233
5.72801e-008,0.00116843
5.74801e-008,0.000284542
5.76801e-008,0.00116843
5.78801e-008,-0.000599349
5.80801e-008,0.000284542
5.82801e-008,-0.00148324
5.84801e-008,-0.000599349
5.86801e-008,-0.000599349
5.88801e-008,0.000284542
5.90801e-008,0.00293622
5.92801e-008,0.004704
5.94801e-008,0.00205233
5.96801e-008,0.00116843
5.98801e-008,-0.00148324
6.00801e-008,-0.000599349
6.02801e-008,0.000284542
6.04801e-008,0.000284542
6.06801e-008,0.000284542
6.08801e-008,-0.00148324
6.10801e-008,-0.00236713
6.12801e-008,-0.000599349
6.14801e-008,-0.000599349
6.16801e-008,0.000284542
6.18801e-008,-0.00148324
6.20801e-008,-0.000599349
6.22801e-008,-0.000599349
6.24801e-008,0.000284542
6.26801e-008,0.000284542
6.28801e-008,0.000284542
6.30801e-008,0.00116843
6.32801e-008,0.00293622
6.34801e-008,0.00205233
6.36801e-008,0.000284542
6.38801e-008,-0.000599349
6.40801e-008,-0.00236713
6.42801e-008,-0.00148324
6.44801e-008,0.000284542
6.46801e-008,-0.00236713
6.48801e-008,-0.00148324
6.50801e-008,-0.00148324
6.52801e-008,-0.00236713
6.54801e-008,-0.000599349
6.56801e-008,0.00116843
6.58801e-008,0.00205233
6.60801e-008,0.00205233
6.62801e-008,0.00205233
6.64801e-008,0.00293622
6.66801e-008,0.00293622
6.68801e-008,0.00293622
6.70801e-008,0.000284542
6.72801e-008,-0.00148324
6.74801e-008,-0.00236713
6.76801e-008,-0.00236713
6.78801e-008,-0.00148324
6.80801e-008,-0.000599349
6.82801e-008,-0.000599349
6.84801e-008,0.00116843
6.86801e-008,0.00116843
6.88801e-008,0.000284542
6.90801e-008,0.00116843
6.92801e-008,0.00293622
6.94801e-008,0.00116843
6.96801e-008,0.00205233
6.98801e-008,0.00205233
7.00801e-008,0.000284542
7.02801e-008,-0.00148324
7.04801e-008,-0.00236713
7.06801e-008,-0.00413492
7.08801e-008,-0.00413492
7.10801e-008,-0.00236713
7.12801e-008,-0.000599349
7.14801e-008,0.00205233
7.16801e-008,0.00293622
7.18801e-008,0.00382011
7.20801e-008,0.00293622
7.22801e-008,0.00116843
7.24801e-008,0.000284542
7.26801e-008,-0.000599349
7.28801e-008,-0.00148324
7.30801e-008,-0.00148324
7.32801e-008,-0.000599349
7.34801e-008,-0.00148324
7.36801e-008,-0.00236713
7.38801e-008,0.000284542
7.40801e-008,0.000284542
7.42801e-008,0.00116843
7.44801e-008,0.00293622
7.46801e-008,0.00205233
7.48801e-008,0.000284542
7.50801e-008,0.00116843
7.52801e-008,0.00205233
7.54801e-008,0.00116843
7.56801e-008,0.00205233
7.58801e-008,0.00116843
7.60801e-008,-0.00236713
7.62801e-008,-0.00236713
7.64801e-008,-0.00325103
7.66801e-008,-0.000599349
7.68801e-008,-0.000599349
7.70801e-008,-0.000599349
7.72801e-008,0.000284542
7.74801e-008,0.000284542
7.76801e-008,0.00205233
7.78801e-008,0.00293622
7.80801e-008,0.00382011
7.82801e-008,0.00205233
7.84801e-008,0.000284542
7.86801e-008,-0.000599349
7.88801e-008,-0.00236713
7.90801e-008,-0.00413492
7.92801e-008,-0.000599349
7.94801e-008,-0.000599349
7.96801e-008,0.000284542
7.98801e-008,0.000284542
8.00801e-008,0.00205233
8.02801e-008,0.00293622
8.04801e-008,0.00293622
8.06801e-008,0.000284542
8.08801e-008,0.00116843
8.10801e-008,0.000284542
8.12801e-008,0.00116843
8.14801e-008,-0.00148324
8.16801e-008,-0.00148324
8.18801e-008,-0.00148324
8.20801e-008,-0.00236713
8.22801e-008,0.00116843
8.24801e-008,0.000284542
8.26801e-008,0.000284542
8.28801e-008,0.00293622
8.30801e-008,0.00293622
8.32801e-008,0.00116843
8.34801e-008,0.00116843
8.36801e-008,0.000284542
8.38801e-008,-0.00148324
8.40801e-008,-0.000599349
8.42801e-008,0.000284542
8.44801e-008,-0.00236713
8.46801e-008,-0.00148324
8.48801e-008,-0.000599349
8.50801e-008,-0.00236713
8.52801e-008,-0.00236713
8.54801e-008,0.00116843
8.56801e-008,0.000284542
8.58801e-008,0.00293622
8.60801e-008,0.00293622
8.62801e-008,0.000284542
8.64801e-008,0.00205233
8.66801e-008,0.00116843
8.68801e-008,-0.000599349
8.70801e-008,-0.000599349
8.72801e-008,-0.00236713
8.74801e-008,-0.000599349
8.76801e-008,0.000284542
8.78801e-008,-0.000599349
8.80801e-008,-0.000599349
8.82801e-008,-0.000599349
8.84801e-008,-0.000599349
8.86801e-008,0.00116843
8.88801e-008,0.000284542
8.90801e-008,0.00205233
8.92801e-008,0.00116843
8.94801e-008,0.00205233
8.96801e-008,-0.000599349
8.98801e-008,0.000284542
9.00801e-008,-0.000599349
9.02801e-008,-0.000599349
9.04801e-008,0.00116843
9.06801e-008,0.000284542
9.08801e-008,0.000284542
9.10801e-008,0.000284542
9.12801e-008,0.00116843
9.14801e-008,0.000284542
9.16801e-008,-0.00148324
9.18801e-008,-0.00148324
9.20801e-008,0.000284542
9.22801e-008,0.000284542
9.24801e-008,-0.000599349
9.26801e-008,-0.000599349
9.28801e-008,-0.000599349
9.30801e-008,-0.00148324
9.32801e-008,-0.000599349
9.34801e-008,-0.000599349
9.36801e-008,0.00116843
9.38801e-008,0.00116843
9.40801e-008,0.000284542
9.42801e-008,0.000284542
9.44801e-008,0.00116843
9.46801e-008,0.000284542
9.48801e-008,-0.000599349
9.50801e-008,-0.000599349
9.52801e-008,0.000284542
9.54801e-008,0.00116843
9.56801e-008,-0.000599349
9.58801e-008,0.000284542
9.60801e-008,-0.000599349
9.62801e-008,0.00116843
9.64801e-008,0.000284542
9.66801e-008,0.000284542
9.68801e-008,0.00116843
9.70801e-008,0.00116843
9.72801e-008,0.00116843
9.74801e-008,0.000284542
9.76801e-008,-0.000599349
9.78801e-008,0.000284542
9.80801e-008,-0.000599349
9.82801e-008,-0.000599349
9.84801e-008,0.00116843
9.86801e-008,0.00205233
9.88801e-008,0.000284542
9.90801e-008,0.00293622
9.92801e-008,0.000284542
9.94801e-008,0.00116843
9.96801e-008,0.00293622
9.98801e-008,0.00205233
1.0008e-007,0.00205233
1.0028e-007,0.000284542
1.0048e-007,0.000284542
1.0068e-007,-0.000599349
1.0088e-007,-0.000599349
1.0108e-007,-0.000599349
1.0128e-007,-0.000599349
1.0148e-007,0.000284542
1.0168e-007,0.000284542
1.0188e-007,0.000284542
1.0208e-007,0.00116843
1.0228e-007,-0.00148324
1.0248e-007,-0.000599349
1.0268e-007,-0.00148324
1.0288e-007,-0.000599349
1.0308e-007,0.000284542
1.0328e-007,0.000284542
1.0348e-007,0.00205233
1.0368e-007,0.00116843
1.0388e-007,0.00116843
1.0408e-007,-0.00148324
1.0428e-007,-0.00325103
1.0448e-007,-0.00236713
1.0468e-007,-0.00148324
1.0488e-007,0.000284542
1.0508e-007,0.00205233
1.0528e-007,0.00293622
1.0548e-007,0.00205233
1.0568e-007,0.00116843
1.0588e-007,0.000284542
1.0608e-007,-0.00236713
1.0628e-007,-0.000599349
1.0648e-007,0.00116843
1.0668e-007,0.000284542
1.0688e-007,0.000284542
1.0708e-007,-0.000599349
1.0728e-007,0.000284542
1.0748e-007,0.000284542
1.0768e-007,0.000284542
1.0788e-007,0.00116843
1.0808e-007,0.000284542
1.0828e-007,-0.000599349
1.0848e-007,-0.00148324
1.0868e-007,-0.000599349
1.0888e-007,-0.000599349
1.0908e-007,-0.00148324
1.0928e-007,-0.000599349
1.0948e-007,0.000284542
1.0968e-007,0.00116843
1.0988e-007,0.00116843
1.1008e-007,0.00116843
1.1028e-007,0.000284542
1.1048e-007,0.00116843
1.1068e-007,0.00116843
1.1088e-007,-0.000599349
1.1108e-007,0.000284542
1.1128e-007,0.000284542
1.1148e-007,0.000284542
1.1168e-007,0.00116843
1.1188e-007,0.000284542
1.1208e-007,-0.00148324
1.1228e-007,0.000284542
1.1248e-007,0.000284542
1.1268e-007,0.000284542
1.1288e-007,0.000284542
1.1308e-007,0.00205233
1.1328e-007,0.00205233
1.1348e-007,0.00116843
1.1368e-007,0.00116843
1.1388e-007,0.000284542
1.1408e-007,-0.000599349
1.1428e-007,0.000284542
1.1448e-007,0.00205233
1.1468e-007,0.00293622
1.1488e-007,0.00205233
1.1508e-007,0.000284542
1.1528e-007,-0.000599349
1.1548e-007,0.000284542
1.1568e-007,0.00205233
1.1588e-007,0.00205233
1.1608e-007,0.00116843
1.1628e-007,-0.000599349
1.1648e-007,0.000284542
1.1668e-007,-0.000599349
1.1688e-007,0.000284542
1.1708e-007,0.000284542
1.1728e-007,-0.000599349
1.1748e-007,0.000284542
1.1768e-007,0.00205233
1.1788e-007,0.00116843
1.1808e-007,0.00116843
1.1828e-007,0.000284542
1.1848e-007,-0.000599349
1.1868e-007,-0.000599349
1.1888e-007,-0.00148324
1.1908e-007,-0.000599349
1.1928e-007,0.000284542
1.1948e-007,0.00205233
1.1968e-007,0.00293622
1.1988e-007,0.00205233
1.2008e-007,0.00116843
1.2028e-007,-0.000599349
1.2048e-007,0.000284542
1.2068e-007,-0.000599349
1.2088e-007,0.00116843
1.2108e-007,0.00293622
1.2128e-007,0.000284542
1.2148e-007,0.00116843
1.2168e-007,0.000284542
1.2188e-007,-0.000599349
1.2208e-007,0.00205233
1.2228e-007,0.000284542
1.2248e-007,0.00116843
1.2268e-007,0.000284542
1.2288e-007,0.000284542
1.2308e-007,0.000284542
1.2328e-007,-0.000599349
1.2348e-007,0.000284542
1.2368e-007,0.00293622
1.2388e-007,0.00205233
1.2408e-007,0.000284542
1.2428e-007,-0.00148324
1.2448e-007,-0.000599349
1.2468e-007,-0.00236713
1.2488e-007,-0.00236713
1.2508e-007,-0.00148324
1.2528e-007,-0.000599349
1.2548e-007,-0.00148324
1.2568e-007,0.000284542
1.2588e-007,0.000284542
1.2608e-007,0.000284542
1.2628e-007,0.000284542
1.2648e-007,0.00116843
1.2668e-007,0.00116843
1.2688e-007,0.00205233
1.2708e-007,0.00205233
1.2728e-007,0.004704
1.2748e-007,0.00116843
1.2768e-007,0.000284542
1.2788e-007,0.00116843
1.2808e-007,0.000284542
1.2828e-007,-0.000599349
1.2848e-007,-0.00148324
1.2868e-007,-0.00236713
1.2888e-007,-0.000599349
1.2908e-007,0.00116843
1.2928e-007,0.00116843
1.2948e-007,0.00116843
1.2968e-007,0.00116843
1.2988e-007,0.000284542
1.3008e-007,-0.00236713
1.3028e-007,-0.00236713
1.3048e-007,0.000284542
1.3068e-007,0.000284542
1.3088e-007,0.00293622
1.3108e-007,0.00205233
1.3128e-007,0.00116843
1.3148e-007,0.00116843
1.3168e-007,0.00116843
1.3188e-007,-0.000599349
1.3208e-007,0.000284542
1.3228e-007,0.00116843
1.3248e-007,0.000284542
1.3268e-007,0.000284542
1.3288e-007,0.000284542
1.3308e-007,0.000284542
1.3328e-007,0.000284542
1.3348e-007,0.00116843
1.3368e-007,0.00116843
1.3388e-007,0.000284542
1.3408e-007,0.000284542
1.3428e-007,-0.000599349
1.3448e-007,0.00205233
1.3468e-007,0.000284542
1.3488e-007,0.000284542
1.3508e-007,0.000284542
1.3528e-007,-0.000599349
1.3548e-007,0.000284542
1.3568e-007,0.00116843
1.3588e-007,0.00116843
1.3608e-007,0.00116843
1.3628e-007,0.00116843
1.3648e-007,0.000284542
1.3668e-007,-0.00148324
1.3688e-007,-0.00148324
1.3708e-007,-0.000599349
1.3728e-007,-0.00148324
1.3748e-007,-0.000599349
1.3768e-007,-0.000599349
1.3788e-007,-0.000599349
1.3808e-007,0.00116843
1.3828e-007,-0.000599349
1.3848e-007,0.00116843
1.3868e-007,0.000284542
1.3888e-007,0.000284542
1.3908e-007,-0.000599349
1.3928e-007,0.000284542
1.3948e-007,0.000284542
1.3968e-007,0.00116843
1.3988e-007,0.000284542
1.4008e-007,0.00116843
1.4028e-007,-0.00148324
1.4048e-007,-0.00148324
1.4068e-007,0.00116843
1.4088e-007,0.000284542
1.4108e-007,-0.000599349
1.4128e-007,-0.00148324
1.4148e-007,-0.00148324
1.4168e-007,-0.00236713
1.4188e-007,-0.00148324
1.4208e-007,0.000284542
1.4228e-007,-0.000599349
1.4248e-007,0.00116843
1.4268e-007,0.000284542
1.4288e-007,-0.000599349
1.4308e-007,0.00116843
1.4328e-007,0.00116843
1.4348e-007,0.00382011
1.4368e-007,0.00293622
1.4388e-007,0.00116843
1.4408e-007,0.00116843
1.4428e-007,-0.000599349
1.4448e-007,0.00116843
1.4468e-007,-0.00148324
1.4488e-007,0.00205233
1.4508e-007,0.00116843
1.4528e-007,0.00205233
1.4548e-007,0.00205233
1.4568e-007,0.00116843
1.4588e-007,0.00205233
1.4608e-007,0.000284542
1.4628e-007,0.000284542
1.4648e-007,-0.000599349
1.4668e-007,-0.000599349
1.4688e-007,-0.000599349
1.4708e-007,0.000284542
1.4728e-007,0.00116843
1.4748e-007,-0.000599349
1.4768e-007,-0.000599349
1.4788e-007,0.000284542
1.4808e-007,-0.000599349
1.4828e-007,-0.00148324
1.4848e-007,-0.00148324
1.4868e-007,-0.00325103
1.4888e-007,-0.00236713
1.4908e-007,-0.00236713
1.4928e-007,-0.00236713
1.4948e-007,0.000284542
1.4968e-007,0.00116843
1.4988e-007,0.00116843
1.5008e-007,0.00205233
1.5028e-007,0.000284542
1.5048e-007,0.000284542
1.5068e-007,-0.000599349
1.5088e-007,0.00116843
1.5108e-007,0.00205233
1.5128e-007,0.00293622
1.5148e-007,0.00116843
1.5168e-007,-0.000599349
1.5188e-007,0.000284542
1.5208e-007,-0.000599349
1.5228e-007,0.000284542
1.5248e-007,0.000284542
1.5268e-007,0.000284542
1.5288e-007,-0.000599349
1.5308e-007,0.000284542
1.5328e-007,0.00205233
1.5348e-007,0.000284542
1.5368e-007,0.00205233
1.5388e-007,0.00205233
1.5408e-007,0.000284542
1.5428e-007,0.00116843
1.5448e-007,0.000284542
1.5468e-007,-0.00148324
1.5488e-007,0.000284542
1.5508e-007,-0.00148324
1.5528e-007,-0.000599349
1.5548e-007,0.00116843
1.5568e-007,0.00116843
1.5588e-007,0.00116843
1.5608e-007,0.000284542
1.5628e-007,-0.00148324
1.5648e-007,-0.000599349
1.5668e-007,-0.00148324
1.5688e-007,-0.000599349
1.5708e-007,-0.00148324
1.5728e-007,-0.000599349
1.5748e-007,0.00116843
1.5768e-007,0.000284542
1.5788e-007,0.00293622
1.5808e-007,0.000284542
1.5828e-007,-0.000599349
1.5848e-007,0.00205233
1.5868e-007,0.000284542
1.5888e-007,-0.00236713
1.5908e-007,0.000284542
1.5928e-007,0.000284542
1.5948e-007,0.00116843
1.5968e-007,0.00116843
1.5988e-007,-0.000599349
1.6008e-007,-0.00236713
1.6028e-007,-0.00148324
1.6048e-007,-0.000599349
1.6068e-007,0.000284542
1.6088e-007,0.00205233
1.6108e-007,0.00293622
1.6128e-007,0.000284542
1.6148e-007,-0.000599349
1.6168e-007,-0.00148324
1.6188e-007,-0.00236713
1.6208e-007,-0.000599349
1.6228e-007,0.00205233
1.6248e-007,0.00205233
1.6268e-007,0.00205233
1.6288e-007,0.00205233
1.6308e-007,-0.000599349
1.6328e-007,0.000284542
1.6348e-007,-0.000599349
1.6368e-007,0.000284542
1.6388e-007,-0.000599349
1.6408e-007,0.00205233
1.6428e-007,0.00293622
1.6448e-007,0.004704
1.6468e-007,0.00116843
1.6488e-007,0.000284542
1.6508e-007,-0.00148324
1.6528e-007,0.000284542
