Data: venerdì 15 maggio 2020	Ora: 16:07
Analizzatore  1: TOF TOF LR	Analizzatore  2: R66 ROUTE66_HR_XPS	
pass energy/rall 1: 0.00	pass energy/rall 2: 40.00	
******************************************************
Scansione:    angolo polare
Min (eV): 250.00	Max (eV): 343.00	Step (eV): 0.25	
kinetic energy 1 (eV): 0.00	kinetic energy 2 (eV): 1198.70
polar angle (deg): 343.00	X axis (mm): 580.50
*******************  R66 parameters ********************
Step in ch_x_eV: 10	Ch x eV @ Ep=1eV: 5236
binned channels: 14	same region acquisitions: 41
******************************************************
Acq. time (s):  1.00	Number of scans:  1	Total acq. time (s):  1.00
******************************************************
250.000000	36.000000
250.250000	44.000000
250.500000	45.000000
250.750000	60.000000
251.000000	39.000000
251.250000	43.000000
251.500000	63.000000
251.750000	47.000000
252.000000	58.000000
252.250000	54.000000
252.500000	50.000000
252.750000	49.000000
253.000000	50.000000
253.250000	67.000000
253.500000	55.000000
253.750000	58.000000
254.000000	87.000000
254.250000	72.000000
254.500000	87.000000
254.750000	81.000000
255.000000	104.000000
255.250000	75.000000
255.500000	98.000000
255.750000	108.000000
256.000000	112.000000
256.250000	118.000000
256.500000	139.000000
256.750000	119.000000
257.000000	131.000000
257.250000	145.000000
257.500000	163.000000
257.750000	178.000000
258.000000	180.000000
258.250000	194.000000
258.500000	218.000000
258.750000	207.000000
259.000000	206.000000
259.250000	233.000000
259.500000	213.000000
259.750000	214.000000
260.000000	232.000000
260.250000	255.000000
260.500000	257.000000
260.750000	266.000000
261.000000	269.000000
261.250000	278.000000
261.500000	317.000000
261.750000	285.000000
262.000000	336.000000
262.250000	345.000000
262.500000	330.000000
262.750000	399.000000
263.000000	391.000000
263.250000	402.000000
263.500000	406.000000
263.750000	416.000000
264.000000	433.000000
264.250000	454.000000
264.500000	463.000000
264.750000	494.000000
265.000000	488.000000
265.250000	540.000000
265.500000	531.000000
265.750000	548.000000
266.000000	578.000000
266.250000	598.000000
266.500000	586.000000
266.750000	601.000000
267.000000	653.000000
267.250000	634.000000
267.500000	588.000000
267.750000	636.000000
268.000000	669.000000
268.250000	694.000000
268.500000	669.000000
268.750000	688.000000
269.000000	725.000000
269.250000	676.000000
269.500000	657.000000
269.750000	661.000000
270.000000	634.000000
270.250000	654.000000
270.500000	692.000000
270.750000	650.000000
271.000000	705.000000
271.250000	614.000000
271.500000	671.000000
271.750000	667.000000
272.000000	601.000000
272.250000	642.000000
272.500000	616.000000
272.750000	612.000000
273.000000	566.000000
273.250000	598.000000
273.500000	620.000000
273.750000	545.000000
274.000000	525.000000
274.250000	547.000000
274.500000	519.000000
274.750000	522.000000
275.000000	527.000000
275.250000	480.000000
275.500000	457.000000
275.750000	440.000000
276.000000	495.000000
276.250000	474.000000
276.500000	435.000000
276.750000	400.000000
277.000000	424.000000
277.250000	405.000000
277.500000	418.000000
277.750000	347.000000
278.000000	399.000000
278.250000	387.000000
278.500000	409.000000
278.750000	377.000000
279.000000	324.000000
279.250000	342.000000
279.500000	322.000000
279.750000	315.000000
280.000000	281.000000
280.250000	307.000000
280.500000	275.000000
280.750000	274.000000
281.000000	276.000000
281.250000	233.000000
281.500000	245.000000
281.750000	257.000000
282.000000	228.000000
282.250000	217.000000
282.500000	220.000000
282.750000	191.000000
283.000000	217.000000
283.250000	243.000000
283.500000	190.000000
283.750000	196.000000
284.000000	192.000000
284.250000	197.000000
284.500000	182.000000
284.750000	168.000000
285.000000	166.000000
285.250000	173.000000
285.500000	157.000000
285.750000	173.000000
286.000000	146.000000
286.250000	136.000000
286.500000	153.000000
286.750000	138.000000
287.000000	146.000000
287.250000	122.000000
287.500000	120.000000
287.750000	128.000000
288.000000	130.000000
288.250000	101.000000
288.500000	117.000000
288.750000	128.000000
289.000000	103.000000
289.250000	118.000000
289.500000	104.000000
289.750000	86.000000
290.000000	92.000000
290.250000	80.000000
290.500000	82.000000
290.750000	92.000000
291.000000	75.000000
291.250000	81.000000
291.500000	84.000000
291.750000	87.000000
292.000000	82.000000
292.250000	78.000000
292.500000	79.000000
292.750000	83.000000
293.000000	71.000000
293.250000	54.000000
293.500000	69.000000
293.750000	62.000000
294.000000	72.000000
294.250000	62.000000
294.500000	63.000000
294.750000	81.000000
295.000000	45.000000
295.250000	59.000000
295.500000	44.000000
295.750000	46.000000
296.000000	51.000000
296.250000	51.000000
296.500000	52.000000
296.750000	48.000000
297.000000	32.000000
297.250000	37.000000
297.500000	39.000000
297.750000	39.000000
298.000000	43.000000
298.250000	49.000000
298.500000	30.000000
298.750000	47.000000
299.000000	41.000000
299.250000	34.000000
299.500000	46.000000
299.750000	34.000000
300.000000	29.000000
300.250000	28.000000
300.500000	35.000000
300.750000	34.000000
301.000000	27.000000
301.250000	29.000000
301.500000	29.000000
301.750000	26.000000
302.000000	32.000000
302.250000	27.000000
302.500000	29.000000
302.750000	23.000000
303.000000	32.000000
303.250000	28.000000
303.500000	15.000000
303.750000	30.000000
304.000000	29.000000
304.250000	25.000000
304.500000	29.000000
304.750000	26.000000
305.000000	22.000000
305.250000	14.000000
305.500000	22.000000
305.750000	26.000000
306.000000	21.000000
306.250000	13.000000
306.500000	18.000000
306.750000	13.000000
307.000000	18.000000
307.250000	24.000000
307.500000	16.000000
307.750000	14.000000
308.000000	17.000000
308.250000	22.000000
308.500000	16.000000
308.750000	12.000000
309.000000	12.000000
309.250000	11.000000
309.500000	14.000000
309.750000	14.000000
310.000000	24.000000
310.250000	16.000000
310.500000	22.000000
310.750000	20.000000
311.000000	11.000000
311.250000	14.000000
311.500000	16.000000
311.750000	16.000000
312.000000	10.000000
312.250000	18.000000
312.500000	9.000000
312.750000	18.000000
313.000000	13.000000
313.250000	16.000000
313.500000	8.000000
313.750000	14.000000
314.000000	13.000000
314.250000	9.000000
314.500000	9.000000
314.750000	13.000000
315.000000	12.000000
315.250000	11.000000
315.500000	14.000000
315.750000	10.000000
316.000000	13.000000
316.250000	15.000000
316.500000	13.000000
316.750000	7.000000
317.000000	15.000000
317.250000	11.000000
317.500000	8.000000
317.750000	13.000000
318.000000	8.000000
318.250000	14.000000
318.500000	17.000000
318.750000	12.000000
319.000000	9.000000
319.250000	12.000000
319.500000	12.000000
319.750000	6.000000
320.000000	15.000000
320.250000	9.000000
320.500000	8.000000
320.750000	15.000000
321.000000	8.000000
321.250000	10.000000
321.500000	12.000000
321.750000	10.000000
322.000000	9.000000
322.250000	8.000000
322.500000	10.000000
322.750000	8.000000
323.000000	12.000000
323.250000	10.000000
323.500000	8.000000
323.750000	11.000000
324.000000	10.000000
324.250000	5.000000
324.500000	8.000000
324.750000	8.000000
325.000000	11.000000
325.250000	11.000000
325.500000	9.000000
325.750000	7.000000
326.000000	10.000000
326.250000	11.000000
326.500000	7.000000
326.750000	9.000000
327.000000	5.000000
327.250000	6.000000
327.500000	13.000000
327.750000	7.000000
328.000000	7.000000
328.250000	15.000000
328.500000	12.000000
328.750000	7.000000
329.000000	6.000000
329.250000	14.000000
329.500000	7.000000
329.750000	12.000000
330.000000	7.000000
330.250000	3.000000
330.500000	2.000000
330.750000	11.000000
331.000000	9.000000
331.250000	10.000000
331.500000	14.000000
331.750000	4.000000
332.000000	4.000000
332.250000	8.000000
332.500000	7.000000
332.750000	6.000000
333.000000	3.000000
333.250000	2.000000
333.500000	9.000000
333.750000	7.000000
334.000000	4.000000
334.250000	7.000000
334.500000	4.000000
334.750000	6.000000
335.000000	9.000000
335.250000	2.000000
335.500000	5.000000
335.750000	4.000000
336.000000	4.000000
336.250000	7.000000
336.500000	5.000000
336.750000	7.000000
337.000000	4.000000
337.250000	6.000000
337.500000	6.000000
337.750000	5.000000
338.000000	9.000000
338.250000	6.000000
338.500000	7.000000
338.750000	5.000000
339.000000	5.000000
339.250000	3.000000
339.500000	6.000000
339.750000	10.000000
340.000000	9.000000
340.250000	2.000000
340.500000	9.000000
340.750000	6.000000
341.000000	3.000000
341.250000	3.000000
341.500000	2.000000
341.750000	4.000000
342.000000	3.000000
342.250000	4.000000
342.500000	6.000000
342.750000	9.000000
343.000000	7.000000
