LECROYWR6050,144,Waveform
Segments,1,SegmentSize,1002
Segment,TrigTime,TimeSinceSegment1
#1,18-Jan-2002 23:35:58,0                 
Time,Ampl
-9.71031e-009,-0.000127563
-9.51031e-009,0.000756329
-9.31031e-009,-0.000127563
-9.11031e-009,-0.000127563
-8.91031e-009,-0.000127563
-8.71031e-009,0.000756329
-8.51031e-009,0.00164022
-8.31031e-009,0.0042919
-8.11031e-009,0.00164022
-7.91031e-009,0.00164022
-7.71031e-009,0.000756329
-7.51031e-009,-0.000127563
-7.31031e-009,-0.000127563
-7.11031e-009,0.000756329
-6.91031e-009,0.00164022
-6.71031e-009,0.000756329
-6.51031e-009,0.00164022
-6.31031e-009,0.000756329
-6.11031e-009,-0.000127563
-5.91031e-009,-0.000127563
-5.71031e-009,-0.00101146
-5.51031e-009,-0.000127563
-5.31031e-009,0.00164022
-5.11031e-009,-0.000127563
-4.91031e-009,0.00164022
-4.71031e-009,0.000756329
-4.51031e-009,-0.000127563
-4.31031e-009,-0.00101146
-4.11031e-009,-0.00189535
-3.91031e-009,-0.00101146
-3.71031e-009,-0.000127563
-3.51031e-009,0.000756329
-3.31031e-009,-0.000127563
-3.11031e-009,-0.00101146
-2.91031e-009,-0.000127563
-2.71031e-009,-0.000127563
-2.51031e-009,-0.00189535
-2.31031e-009,-0.00189535
-2.11031e-009,-0.00101146
-1.91031e-009,-0.00101146
-1.71031e-009,0.00164022
-1.51031e-009,0.00164022
-1.31031e-009,0.000756329
-1.11031e-009,0.00164022
-9.10314e-010,0.000756329
-7.10314e-010,0.000756329
-5.10314e-010,-0.00189535
-3.10314e-010,-0.00189535
-1.10314e-010,-0.00101146
8.96857e-011,-0.000127563
2.89686e-010,0.000756329
4.89686e-010,-0.000127563
6.89686e-010,-0.000127563
8.89686e-010,-0.00101146
1.08969e-009,-0.00101146
1.28969e-009,-0.00189535
1.48969e-009,-0.000127563
1.68969e-009,0.000756329
1.88969e-009,0.000756329
2.08969e-009,-0.000127563
2.28969e-009,-0.000127563
2.48969e-009,0.000756329
2.68969e-009,0.00164022
2.88969e-009,0.000756329
3.08969e-009,-0.00101146
3.28969e-009,0.000756329
3.48969e-009,-0.00189535
3.68969e-009,-0.000127563
3.88969e-009,-0.000127563
4.08969e-009,-0.000127563
4.28969e-009,0.000756329
4.48969e-009,0.000756329
4.68969e-009,0.00164022
4.88969e-009,-0.00189535
5.08969e-009,-0.00189535
5.28969e-009,-0.00101146
5.48969e-009,0.000756329
5.68969e-009,0.00164022
5.88969e-009,-0.000127563
6.08969e-009,0.000756329
6.28969e-009,-0.000127563
6.48969e-009,0.000756329
6.68969e-009,0.00252411
6.88969e-009,0.000756329
7.08969e-009,-0.00101146
7.28969e-009,0.000756329
7.48969e-009,0.00252411
7.68969e-009,0.00252411
7.88969e-009,0.00164022
8.08969e-009,-0.000127563
8.28969e-009,0.000756329
8.48969e-009,-0.00101146
8.68969e-009,-0.00101146
8.88969e-009,0.000756329
9.08969e-009,0.000756329
9.28969e-009,-0.000127563
9.48969e-009,-0.000127563
9.68969e-009,-0.000127563
9.88969e-009,-0.00189535
1.00897e-008,-0.000127563
1.02897e-008,0.00164022
1.04897e-008,0.000756329
1.06897e-008,0.000756329
1.08897e-008,0.00252411
1.10897e-008,-0.000127563
1.12897e-008,-0.000127563
1.14897e-008,0.00164022
1.16897e-008,0.000756329
1.18897e-008,0.00164022
1.20897e-008,-0.000127563
1.22897e-008,-0.00101146
1.24897e-008,-0.00101146
1.26897e-008,-0.00101146
1.28897e-008,-0.00189535
1.30897e-008,-0.00101146
1.32897e-008,0.000756329
1.34897e-008,0.000756329
1.36897e-008,0.000756329
1.38897e-008,0.000756329
1.40897e-008,-0.000127563
1.42897e-008,-0.000127563
1.44897e-008,-0.00101146
1.46897e-008,-0.00101146
1.48897e-008,-0.000127563
1.50897e-008,0.00252411
1.52897e-008,0.00252411
1.54897e-008,0.000756329
1.56897e-008,0.00164022
1.58897e-008,-0.000127563
1.60897e-008,0.00164022
1.62897e-008,-0.000127563
1.64897e-008,0.000756329
1.66897e-008,-0.000127563
1.68897e-008,0.00164022
1.70897e-008,0.000756329
1.72897e-008,0.000756329
1.74897e-008,0.00164022
1.76897e-008,0.000756329
1.78897e-008,-0.00189535
1.80897e-008,-0.000127563
1.82897e-008,0.00164022
1.84897e-008,0.000756329
1.86897e-008,-0.000127563
1.88897e-008,-0.00101146
1.90897e-008,-0.00101146
1.92897e-008,0.000756329
1.94897e-008,0.000756329
1.96897e-008,-0.00101146
1.98897e-008,-0.000127563
2.00897e-008,-0.000127563
2.02897e-008,0.000756329
2.04897e-008,0.00164022
2.06897e-008,-0.00101146
2.08897e-008,-0.00277924
2.10897e-008,-0.000127563
2.12897e-008,0.00164022
2.14897e-008,0.00164022
2.16897e-008,0.00164022
2.18897e-008,-0.000127563
2.20897e-008,-0.000127563
2.22897e-008,0.000756329
2.24897e-008,-0.00101146
2.26897e-008,-0.000127563
2.28897e-008,0.000756329
2.30897e-008,0.00164022
2.32897e-008,0.00164022
2.34897e-008,0.00164022
2.36897e-008,0.000756329
2.38897e-008,-0.00101146
2.40897e-008,-0.00101146
2.42897e-008,-0.000127563
2.44897e-008,-0.000127563
2.46897e-008,0.00252411
2.48897e-008,0.000756329
2.50897e-008,-0.000127563
2.52897e-008,0.00252411
2.54897e-008,0.000756329
2.56897e-008,0.000756329
2.58897e-008,0.000756329
2.60897e-008,-0.00101146
2.62897e-008,-0.000127563
2.64897e-008,0.00164022
2.66897e-008,0.000756329
2.68897e-008,0.00252411
2.70897e-008,0.00164022
2.72897e-008,-0.00101146
2.74897e-008,-0.000127563
2.76897e-008,-0.000127563
2.78897e-008,-0.00101146
2.80897e-008,-0.00189535
2.82897e-008,-0.00189535
2.84897e-008,-0.000127563
2.86897e-008,-0.00101146
2.88897e-008,-0.000127563
2.90897e-008,-0.00101146
2.92897e-008,-0.00189535
2.94897e-008,-0.000127563
2.96897e-008,-0.000127563
2.98897e-008,-0.000127563
3.00897e-008,0.00164022
3.02897e-008,-0.000127563
3.04897e-008,-0.000127563
3.06897e-008,-0.00101146
3.08897e-008,-0.000127563
3.10897e-008,0.000756329
3.12897e-008,0.000756329
3.14897e-008,0.000756329
3.16897e-008,-0.000127563
3.18897e-008,0.000756329
3.20897e-008,-0.000127563
3.22897e-008,0.000756329
3.24897e-008,-0.000127563
3.26897e-008,0.000756329
3.28897e-008,0.000756329
3.30897e-008,0.000756329
3.32897e-008,-0.00189535
3.34897e-008,-0.000127563
3.36897e-008,-0.000127563
3.38897e-008,-0.00101146
3.40897e-008,-0.00189535
3.42897e-008,0.00164022
3.44897e-008,0.000756329
3.46897e-008,0.000756329
3.48897e-008,0.00252411
3.50897e-008,0.00164022
3.52897e-008,0.00164022
3.54897e-008,0.000756329
3.56897e-008,-0.000127563
3.58897e-008,-0.000127563
3.60897e-008,0.000756329
3.62897e-008,-0.00101146
3.64897e-008,-0.00189535
3.66897e-008,-0.00101146
3.68897e-008,-0.000127563
3.70897e-008,-0.00101146
3.72897e-008,0.000756329
3.74897e-008,-0.000127563
3.76897e-008,-0.000127563
3.78897e-008,-0.000127563
3.80897e-008,0.000756329
3.82897e-008,0.000756329
3.84897e-008,0.00164022
3.86897e-008,0.00164022
3.88897e-008,0.000756329
3.90897e-008,0.000756329
3.92897e-008,-0.000127563
3.94897e-008,-0.00101146
3.96897e-008,0.000756329
3.98897e-008,-0.00101146
4.00897e-008,-0.000127563
4.02897e-008,-0.00101146
4.04897e-008,-0.00101146
4.06897e-008,-0.00189535
4.08897e-008,-0.000127563
4.10897e-008,-0.000127563
4.12897e-008,0.000756329
4.14897e-008,0.00252411
4.16897e-008,0.000756329
4.18897e-008,-0.000127563
4.20897e-008,-0.000127563
4.22897e-008,-0.000127563
4.24897e-008,-0.000127563
4.26897e-008,-0.000127563
4.28897e-008,-0.00101146
4.30897e-008,-0.00101146
4.32897e-008,0.000756329
4.34897e-008,-0.000127563
4.36897e-008,-0.000127563
4.38897e-008,0.000756329
4.40897e-008,-0.000127563
4.42897e-008,0.000756329
4.44897e-008,-0.00189535
4.46897e-008,-0.00101146
4.48897e-008,-0.00277924
4.50897e-008,-0.00189535
4.52897e-008,-0.00101146
4.54897e-008,-0.00189535
4.56897e-008,0.00164022
4.58897e-008,-0.000127563
4.60897e-008,-0.000127563
4.62897e-008,0.00164022
4.64897e-008,0.000756329
4.66897e-008,0.000756329
4.68897e-008,0.00252411
4.70897e-008,0.00164022
4.72897e-008,0.000756329
4.74897e-008,0.000756329
4.76897e-008,-0.00101146
4.78897e-008,-0.00189535
4.80897e-008,-0.00189535
4.82897e-008,-0.00189535
4.84897e-008,-0.00101146
4.86897e-008,0.000756329
4.88897e-008,0.00164022
4.90897e-008,0.000756329
4.92897e-008,-0.000127563
4.94897e-008,-0.000127563
4.96897e-008,-0.000127563
4.98897e-008,0.000756329
5.00897e-008,-0.000127563
5.02897e-008,-0.000127563
5.04897e-008,-0.00101146
5.06897e-008,-0.00101146
5.08897e-008,-0.000127563
5.10897e-008,-0.00101146
5.12897e-008,0.00164022
5.14897e-008,0.00164022
5.16897e-008,0.00164022
5.18897e-008,0.000756329
5.20897e-008,-0.000127563
5.22897e-008,-0.00101146
5.24897e-008,-0.00101146
5.26897e-008,-0.00189535
5.28897e-008,-0.00189535
5.30897e-008,-0.000127563
5.32897e-008,-0.000127563
5.34897e-008,0.000756329
5.36897e-008,-0.000127563
5.38897e-008,-0.00101146
5.40897e-008,0.00164022
5.42897e-008,-0.000127563
5.44897e-008,-0.00189535
5.46897e-008,-0.00101146
5.48897e-008,0.000756329
5.50897e-008,0.000756329
5.52897e-008,0.000756329
5.54897e-008,0.00164022
5.56897e-008,-0.000127563
5.58897e-008,-0.00189535
5.60897e-008,-0.00189535
5.62897e-008,-0.00277924
5.64897e-008,-0.00366313
5.66897e-008,-0.00277924
5.68897e-008,-0.000127563
5.70897e-008,0.00164022
5.72897e-008,0.00164022
5.74897e-008,-0.000127563
5.76897e-008,-0.00101146
5.78897e-008,0.000756329
5.80897e-008,-0.000127563
5.82897e-008,0.00164022
5.84897e-008,0.00164022
5.86897e-008,0.000756329
5.88897e-008,0.0042919
5.90897e-008,-0.000127563
5.92897e-008,-0.000127563
5.94897e-008,0.000756329
5.96897e-008,-0.00101146
5.98897e-008,-0.00189535
6.00897e-008,0.00164022
6.02897e-008,-0.000127563
6.04897e-008,-0.000127563
6.06897e-008,0.000756329
6.08897e-008,-0.000127563
6.10897e-008,-0.00101146
6.12897e-008,-0.00189535
6.14897e-008,0.000756329
6.16897e-008,-0.00101146
6.18897e-008,-0.00101146
6.20897e-008,-0.000127563
6.22897e-008,-0.00101146
6.24897e-008,0.000756329
6.26897e-008,0.000756329
6.28897e-008,0.000756329
6.30897e-008,0.000756329
6.32897e-008,0.00252411
6.34897e-008,0.00252411
6.36897e-008,0.003408
6.38897e-008,0.000756329
6.40897e-008,-0.00101146
6.42897e-008,-0.00277924
6.44897e-008,-0.00277924
6.46897e-008,-0.00189535
6.48897e-008,-0.000127563
6.50897e-008,-0.000127563
6.52897e-008,-0.00189535
6.54897e-008,-0.00101146
6.56897e-008,-0.00277924
6.58897e-008,-0.00366313
6.60897e-008,-0.00366313
6.62897e-008,-0.00366313
6.64897e-008,-0.00631481
6.66897e-008,-0.00808259
6.68897e-008,-0.0125021
6.70897e-008,-0.0142698
6.72897e-008,-0.0151537
6.74897e-008,-0.0178054
6.76897e-008,-0.0178054
6.78897e-008,-0.0186893
6.80897e-008,-0.0178054
6.82897e-008,-0.0178054
6.84897e-008,-0.0195732
6.86897e-008,-0.021341
6.88897e-008,-0.0231088
6.90897e-008,-0.0257604
6.92897e-008,-0.0248765
6.94897e-008,-0.021341
6.96897e-008,-0.0222249
6.98897e-008,-0.0204571
7.00897e-008,-0.0186893
7.02897e-008,-0.0186893
7.04897e-008,-0.0195732
7.06897e-008,-0.0178054
7.08897e-008,-0.0151537
7.10897e-008,-0.0133859
7.12897e-008,-0.0125021
7.14897e-008,-0.00985037
7.16897e-008,-0.00808259
7.18897e-008,-0.0116182
7.20897e-008,-0.0116182
7.22897e-008,-0.0125021
7.24897e-008,-0.0142698
7.26897e-008,-0.0142698
7.28897e-008,-0.0142698
7.30897e-008,-0.0125021
7.32897e-008,-0.00896648
7.34897e-008,-0.00808259
7.36897e-008,-0.0071987
7.38897e-008,-0.00543092
7.40897e-008,-0.0071987
7.42897e-008,-0.00631481
7.44897e-008,-0.00543092
7.46897e-008,-0.00631481
7.48897e-008,-0.0071987
7.50897e-008,-0.00543092
7.52897e-008,-0.0071987
7.54897e-008,-0.0071987
7.56897e-008,-0.00808259
7.58897e-008,-0.00896648
7.60897e-008,-0.00631481
7.62897e-008,-0.00277924
7.64897e-008,-0.00101146
7.66897e-008,-0.00277924
7.68897e-008,-0.00366313
7.70897e-008,-0.00277924
7.72897e-008,-0.00277924
7.74897e-008,-0.00366313
7.76897e-008,-0.00366313
7.78897e-008,-0.00543092
7.80897e-008,-0.00366313
7.82897e-008,-0.00454702
7.84897e-008,-0.00454702
7.86897e-008,-0.00277924
7.88897e-008,-0.00366313
7.90897e-008,-0.00277924
7.92897e-008,-0.00189535
7.94897e-008,-0.00277924
7.96897e-008,-0.00101146
7.98897e-008,-0.000127563
8.00897e-008,-0.000127563
8.02897e-008,-0.00277924
8.04897e-008,-0.00101146
8.06897e-008,-0.00189535
8.08897e-008,-0.00189535
8.10897e-008,-0.00101146
8.12897e-008,-0.00189535
8.14897e-008,-0.00277924
8.16897e-008,-0.00101146
8.18897e-008,-0.00101146
8.20897e-008,-0.00277924
8.22897e-008,0.00164022
8.24897e-008,-0.000127563
8.26897e-008,0.000756329
8.28897e-008,0.000756329
8.30897e-008,0.000756329
8.32897e-008,-0.00101146
8.34897e-008,0.000756329
8.36897e-008,-0.00101146
8.38897e-008,-0.00277924
8.40897e-008,-0.00277924
8.42897e-008,-0.00277924
8.44897e-008,-0.00101146
8.46897e-008,-0.00189535
8.48897e-008,-0.000127563
8.50897e-008,0.000756329
8.52897e-008,-0.000127563
8.54897e-008,-0.00101146
8.56897e-008,0.000756329
8.58897e-008,0.00164022
8.60897e-008,0.00252411
8.62897e-008,0.00252411
8.64897e-008,0.00164022
8.66897e-008,0.000756329
8.68897e-008,0.000756329
8.70897e-008,0.00252411
8.72897e-008,0.00252411
8.74897e-008,0.000756329
8.76897e-008,-0.000127563
8.78897e-008,0.000756329
8.80897e-008,0.000756329
8.82897e-008,0.00252411
8.84897e-008,-0.000127563
8.86897e-008,0.000756329
8.88897e-008,0.00164022
8.90897e-008,0.00164022
8.92897e-008,0.00164022
8.94897e-008,-0.000127563
8.96897e-008,-0.00101146
8.98897e-008,-0.00101146
9.00897e-008,0.000756329
9.02897e-008,0.00252411
9.04897e-008,0.000756329
9.06897e-008,-0.000127563
9.08897e-008,-0.00101146
9.10897e-008,0.00252411
9.12897e-008,0.00164022
9.14897e-008,0.0042919
9.16897e-008,-0.000127563
9.18897e-008,0.00164022
9.20897e-008,0.00252411
9.22897e-008,0.00164022
9.24897e-008,0.00164022
9.26897e-008,-0.000127563
9.28897e-008,-0.000127563
9.30897e-008,0.000756329
9.32897e-008,0.00164022
9.34897e-008,0.000756329
9.36897e-008,0.00252411
9.38897e-008,0.00164022
9.40897e-008,-0.00101146
9.42897e-008,0.00164022
9.44897e-008,0.000756329
9.46897e-008,-0.000127563
9.48897e-008,0.00164022
9.50897e-008,-0.000127563
9.52897e-008,0.000756329
9.54897e-008,0.00252411
9.56897e-008,-0.00101146
9.58897e-008,-0.000127563
9.60897e-008,0.00164022
9.62897e-008,0.000756329
9.64897e-008,0.00164022
9.66897e-008,0.003408
9.68897e-008,0.00252411
9.70897e-008,0.000756329
9.72897e-008,0.000756329
9.74897e-008,0.000756329
9.76897e-008,0.00164022
9.78897e-008,-0.000127563
9.80897e-008,-0.00101146
9.82897e-008,-0.000127563
9.84897e-008,0.003408
9.86897e-008,0.0042919
9.88897e-008,-0.000127563
9.90897e-008,0.00164022
9.92897e-008,0.00164022
9.94897e-008,0.00164022
9.96897e-008,0.003408
9.98897e-008,0.00164022
1.0009e-007,0.00164022
1.0029e-007,0.00252411
1.0049e-007,-0.00101146
1.0069e-007,-0.00101146
1.0089e-007,-0.00366313
1.0109e-007,-0.00189535
1.0129e-007,-0.00101146
1.0149e-007,-0.000127563
1.0169e-007,0.000756329
1.0189e-007,0.00164022
1.0209e-007,0.00164022
1.0229e-007,0.00164022
1.0249e-007,0.00164022
1.0269e-007,0.00252411
1.0289e-007,0.00164022
1.0309e-007,0.00252411
1.0329e-007,0.00252411
1.0349e-007,0.000756329
1.0369e-007,-0.000127563
1.0389e-007,0.000756329
1.0409e-007,0.000756329
1.0429e-007,0.00164022
1.0449e-007,0.00164022
1.0469e-007,0.000756329
1.0489e-007,0.00164022
1.0509e-007,0.003408
1.0529e-007,0.00164022
1.0549e-007,0.00164022
1.0569e-007,0.00252411
1.0589e-007,0.00252411
1.0609e-007,0.003408
1.0629e-007,0.003408
1.0649e-007,-0.000127563
1.0669e-007,-0.00101146
1.0689e-007,-0.00101146
1.0709e-007,-0.00101146
1.0729e-007,0.000756329
1.0749e-007,0.00252411
1.0769e-007,0.00164022
1.0789e-007,0.00164022
1.0809e-007,0.00252411
1.0829e-007,0.00164022
1.0849e-007,0.000756329
1.0869e-007,0.000756329
1.0889e-007,-0.000127563
1.0909e-007,-0.000127563
1.0929e-007,-0.00101146
1.0949e-007,-0.00189535
1.0969e-007,-0.00277924
1.0989e-007,0.000756329
1.1009e-007,-0.000127563
1.1029e-007,-0.000127563
1.1049e-007,-0.00101146
1.1069e-007,-0.00189535
1.1089e-007,-0.00101146
1.1109e-007,0.00252411
1.1129e-007,0.003408
1.1149e-007,0.003408
1.1169e-007,0.00252411
1.1189e-007,-0.000127563
1.1209e-007,-0.000127563
1.1229e-007,-0.000127563
1.1249e-007,-0.000127563
1.1269e-007,-0.00101146
1.1289e-007,-0.000127563
1.1309e-007,-0.00101146
1.1329e-007,-0.000127563
1.1349e-007,0.00164022
1.1369e-007,0.000756329
1.1389e-007,-0.000127563
1.1409e-007,0.00164022
1.1429e-007,0.00252411
1.1449e-007,0.00164022
1.1469e-007,0.00252411
1.1489e-007,-0.000127563
1.1509e-007,-0.000127563
1.1529e-007,-0.000127563
1.1549e-007,-0.000127563
1.1569e-007,-0.000127563
1.1589e-007,0.000756329
1.1609e-007,-0.000127563
1.1629e-007,-0.00101146
1.1649e-007,0.000756329
1.1669e-007,-0.000127563
1.1689e-007,-0.000127563
1.1709e-007,0.00164022
1.1729e-007,0.000756329
1.1749e-007,0.00164022
1.1769e-007,0.00164022
1.1789e-007,-0.00101146
1.1809e-007,-0.00101146
1.1829e-007,-0.000127563
1.1849e-007,0.000756329
1.1869e-007,0.00252411
1.1889e-007,0.003408
1.1909e-007,0.000756329
1.1929e-007,0.000756329
1.1949e-007,-0.000127563
1.1969e-007,0.00164022
1.1989e-007,-0.000127563
1.2009e-007,0.000756329
1.2029e-007,-0.000127563
1.2049e-007,-0.00101146
1.2069e-007,-0.000127563
1.2089e-007,-0.000127563
1.2109e-007,-0.00101146
1.2129e-007,-0.00101146
1.2149e-007,-0.00101146
1.2169e-007,-0.00101146
1.2189e-007,-0.000127563
1.2209e-007,-0.000127563
1.2229e-007,0.000756329
1.2249e-007,0.00252411
1.2269e-007,0.00164022
1.2289e-007,-0.00101146
1.2309e-007,0.000756329
1.2329e-007,-0.000127563
1.2349e-007,-0.000127563
1.2369e-007,-0.000127563
1.2389e-007,0.000756329
1.2409e-007,0.000756329
1.2429e-007,0.00252411
1.2449e-007,0.00164022
1.2469e-007,-0.000127563
1.2489e-007,0.00164022
1.2509e-007,0.000756329
1.2529e-007,0.00164022
1.2549e-007,0.00252411
1.2569e-007,0.000756329
1.2589e-007,0.000756329
1.2609e-007,0.000756329
1.2629e-007,0.00164022
1.2649e-007,-0.000127563
1.2669e-007,0.000756329
1.2689e-007,0.000756329
1.2709e-007,0.000756329
1.2729e-007,0.0042919
1.2749e-007,0.00164022
1.2769e-007,-0.00101146
1.2789e-007,-0.000127563
1.2809e-007,-0.000127563
1.2829e-007,-0.000127563
1.2849e-007,0.000756329
1.2869e-007,0.00164022
1.2889e-007,0.000756329
1.2909e-007,0.00164022
1.2929e-007,-0.00189535
1.2949e-007,-0.00101146
1.2969e-007,-0.00101146
1.2989e-007,-0.000127563
1.3009e-007,-0.000127563
1.3029e-007,0.00164022
1.3049e-007,-0.000127563
1.3069e-007,-0.00101146
1.3089e-007,-0.00101146
1.3109e-007,-0.000127563
1.3129e-007,-0.000127563
1.3149e-007,-0.000127563
1.3169e-007,-0.000127563
1.3189e-007,-0.00101146
1.3209e-007,-0.00101146
1.3229e-007,-0.00101146
1.3249e-007,-0.00101146
1.3269e-007,-0.00189535
1.3289e-007,-0.00189535
1.3309e-007,-0.00277924
1.3329e-007,-0.00277924
1.3349e-007,0.000756329
1.3369e-007,0.000756329
1.3389e-007,-0.00101146
1.3409e-007,-0.00101146
1.3429e-007,-0.000127563
1.3449e-007,-0.000127563
1.3469e-007,0.000756329
1.3489e-007,-0.000127563
1.3509e-007,0.00164022
1.3529e-007,0.00164022
1.3549e-007,0.00252411
1.3569e-007,0.00164022
1.3589e-007,-0.00101146
1.3609e-007,-0.000127563
1.3629e-007,-0.00101146
1.3649e-007,0.00164022
1.3669e-007,-0.000127563
1.3689e-007,-0.00101146
1.3709e-007,0.000756329
1.3729e-007,-0.000127563
1.3749e-007,0.000756329
1.3769e-007,0.00164022
1.3789e-007,-0.00101146
1.3809e-007,-0.000127563
1.3829e-007,-0.000127563
1.3849e-007,0.000756329
1.3869e-007,0.00164022
1.3889e-007,-0.000127563
1.3909e-007,-0.00101146
1.3929e-007,-0.00101146
1.3949e-007,-0.00101146
1.3969e-007,-0.000127563
1.3989e-007,0.000756329
1.4009e-007,-0.000127563
1.4029e-007,-0.000127563
1.4049e-007,-0.00101146
1.4069e-007,-0.00189535
1.4089e-007,-0.00189535
1.4109e-007,-0.00101146
1.4129e-007,-0.000127563
1.4149e-007,-0.00101146
1.4169e-007,-0.000127563
1.4189e-007,0.000756329
1.4209e-007,-0.000127563
1.4229e-007,0.00164022
1.4249e-007,-0.000127563
1.4269e-007,-0.000127563
1.4289e-007,0.000756329
1.4309e-007,0.00252411
1.4329e-007,0.00164022
1.4349e-007,0.00164022
1.4369e-007,-0.00101146
1.4389e-007,0.000756329
1.4409e-007,-0.00189535
1.4429e-007,-0.00101146
1.4449e-007,-0.00277924
1.4469e-007,-0.00101146
1.4489e-007,-0.000127563
1.4509e-007,-0.000127563
1.4529e-007,0.000756329
1.4549e-007,0.000756329
1.4569e-007,-0.00101146
1.4589e-007,-0.000127563
1.4609e-007,0.00164022
1.4629e-007,0.000756329
1.4649e-007,0.00164022
1.4669e-007,0.00164022
1.4689e-007,0.000756329
1.4709e-007,-0.000127563
1.4729e-007,-0.000127563
1.4749e-007,-0.000127563
1.4769e-007,-0.00189535
1.4789e-007,0.000756329
1.4809e-007,-0.000127563
1.4829e-007,0.00252411
1.4849e-007,0.00164022
1.4869e-007,-0.000127563
1.4889e-007,-0.00101146
1.4909e-007,-0.00189535
1.4929e-007,-0.00101146
1.4949e-007,0.000756329
1.4969e-007,-0.000127563
1.4989e-007,0.00164022
1.5009e-007,0.00252411
1.5029e-007,-0.000127563
1.5049e-007,-0.00101146
1.5069e-007,0.00164022
1.5089e-007,0.000756329
1.5109e-007,0.000756329
1.5129e-007,0.000756329
1.5149e-007,-0.00101146
1.5169e-007,-0.00101146
1.5189e-007,-0.000127563
1.5209e-007,-0.00189535
1.5229e-007,-0.00101146
1.5249e-007,-0.000127563
1.5269e-007,-0.00101146
1.5289e-007,-0.00101146
1.5309e-007,-0.000127563
1.5329e-007,0.00164022
1.5349e-007,0.00252411
1.5369e-007,0.00164022
1.5389e-007,0.000756329
1.5409e-007,-0.000127563
1.5429e-007,-0.000127563
1.5449e-007,-0.000127563
1.5469e-007,-0.00101146
1.5489e-007,0.00164022
1.5509e-007,0.000756329
1.5529e-007,-0.00189535
1.5549e-007,0.000756329
1.5569e-007,-0.000127563
1.5589e-007,0.000756329
1.5609e-007,0.00252411
1.5629e-007,0.000756329
1.5649e-007,-0.00189535
1.5669e-007,-0.00189535
1.5689e-007,-0.00101146
1.5709e-007,-0.00101146
1.5729e-007,0.000756329
1.5749e-007,-0.000127563
1.5769e-007,0.000756329
1.5789e-007,-0.000127563
1.5809e-007,-0.00101146
1.5829e-007,-0.000127563
1.5849e-007,-0.000127563
1.5869e-007,0.000756329
1.5889e-007,-0.000127563
1.5909e-007,0.00164022
1.5929e-007,0.000756329
1.5949e-007,-0.000127563
1.5969e-007,-0.00101146
1.5989e-007,-0.00101146
1.6009e-007,-0.00101146
1.6029e-007,-0.00101146
1.6049e-007,-0.000127563
1.6069e-007,0.000756329
1.6089e-007,0.000756329
1.6109e-007,0.000756329
1.6129e-007,-0.00101146
1.6149e-007,-0.000127563
1.6169e-007,0.000756329
1.6189e-007,-0.00101146
1.6209e-007,-0.00101146
1.6229e-007,0.000756329
1.6249e-007,0.000756329
1.6269e-007,0.00252411
1.6289e-007,-0.000127563
1.6309e-007,0.000756329
1.6329e-007,0.00164022
1.6349e-007,-0.000127563
1.6369e-007,-0.00189535
1.6389e-007,-0.000127563
1.6409e-007,-0.000127563
1.6429e-007,0.000756329
1.6449e-007,0.00252411
1.6469e-007,-0.000127563
1.6489e-007,-0.000127563
1.6509e-007,0.000756329
1.6529e-007,-0.00101146
1.6549e-007,-0.00277924
1.6569e-007,-0.00277924
1.6589e-007,-0.00101146
1.6609e-007,-0.00189535
1.6629e-007,0.00164022
1.6649e-007,-0.000127563
1.6669e-007,-0.000127563
1.6689e-007,-0.00101146
1.6709e-007,-0.00101146
1.6729e-007,0.000756329
1.6749e-007,0.000756329
1.6769e-007,0.000756329
1.6789e-007,-0.000127563
1.6809e-007,-0.000127563
1.6829e-007,-0.00101146
1.6849e-007,-0.00189535
1.6869e-007,-0.00189535
1.6889e-007,-0.00101146
1.6909e-007,-0.00189535
1.6929e-007,-0.00101146
1.6949e-007,0.000756329
1.6969e-007,-0.000127563
1.6989e-007,0.00164022
1.7009e-007,-0.00101146
1.7029e-007,-0.00101146
1.7049e-007,-0.00189535
1.7069e-007,-0.000127563
1.7089e-007,0.000756329
1.7109e-007,0.00164022
1.7129e-007,0.000756329
1.7149e-007,0.00164022
1.7169e-007,-0.000127563
1.7189e-007,-0.00101146
1.7209e-007,-0.000127563
1.7229e-007,-0.00101146
1.7249e-007,-0.000127563
1.7269e-007,-0.000127563
1.7289e-007,0.00252411
1.7309e-007,0.000756329
1.7329e-007,-0.00101146
1.7349e-007,-0.000127563
1.7369e-007,0.000756329
1.7389e-007,-0.000127563
1.7409e-007,0.000756329
1.7429e-007,-0.000127563
1.7449e-007,-0.00101146
1.7469e-007,0.000756329
1.7489e-007,-0.000127563
1.7509e-007,-0.000127563
1.7529e-007,0.00252411
1.7549e-007,-0.000127563
1.7569e-007,-0.000127563
1.7589e-007,0.00164022
1.7609e-007,0.00164022
1.7629e-007,0.000756329
1.7649e-007,0.000756329
1.7669e-007,0.000756329
1.7689e-007,0.00164022
1.7709e-007,0.000756329
1.7729e-007,-0.00101146
1.7749e-007,-0.00277924
1.7769e-007,-0.00189535
1.7789e-007,-0.00277924
1.7809e-007,-0.00189535
1.7829e-007,-0.000127563
1.7849e-007,-0.00101146
1.7869e-007,-0.00101146
1.7889e-007,0.00252411
1.7909e-007,0.000756329
1.7929e-007,-0.00101146
1.7949e-007,-0.000127563
1.7969e-007,-0.000127563
1.7989e-007,-0.000127563
1.8009e-007,0.00252411
1.8029e-007,-0.000127563
1.8049e-007,-0.00101146
1.8069e-007,-0.00189535
1.8089e-007,-0.00101146
1.8109e-007,-0.000127563
1.8129e-007,0.00164022
1.8149e-007,-0.000127563
1.8169e-007,-0.00101146
1.8189e-007,-0.00189535
1.8209e-007,-0.000127563
1.8229e-007,0.000756329
1.8249e-007,-0.00101146
1.8269e-007,-0.00189535
1.8289e-007,-0.00189535
1.8309e-007,0.00164022
1.8329e-007,0.00164022
1.8349e-007,0.003408
1.8369e-007,0.00252411
1.8389e-007,-0.000127563
1.8409e-007,-0.00101146
1.8429e-007,-0.00101146
1.8449e-007,-0.00101146
1.8469e-007,-0.00101146
1.8489e-007,-0.000127563
1.8509e-007,0.000756329
1.8529e-007,0.000756329
1.8549e-007,0.000756329
1.8569e-007,-0.000127563
1.8589e-007,-0.00277924
1.8609e-007,-0.00277924
1.8629e-007,-0.000127563
1.8649e-007,-0.000127563
1.8669e-007,-0.00101146
1.8689e-007,-0.000127563
1.8709e-007,-0.00101146
1.8729e-007,-0.00101146
1.8749e-007,-0.000127563
1.8769e-007,-0.00101146
1.8789e-007,-0.000127563
1.8809e-007,0.000756329
1.8829e-007,0.00164022
1.8849e-007,0.00164022
1.8869e-007,-0.000127563
1.8889e-007,0.000756329
1.8909e-007,0.000756329
1.8929e-007,-0.000127563
1.8949e-007,-0.00101146
1.8969e-007,-0.000127563
1.8989e-007,0.00164022
1.9009e-007,0.00164022
1.9029e-007,0.00164022
1.9049e-007,0.00164022
