LECROYWR6050,144,Waveform
Segments,1,SegmentSize,1002
Segment,TrigTime,TimeSinceSegment1
#1,18-Jan-2002 23:32:00,0                 
Time,Ampl
-9.72573e-009,-0.00189535
-9.52573e-009,-0.00101146
-9.32573e-009,-0.00101146
-9.12573e-009,0.000756329
-8.92573e-009,-0.000127563
-8.72573e-009,0.000756329
-8.52573e-009,0.000756329
-8.32573e-009,-0.00101146
-8.12573e-009,-0.00101146
-7.92573e-009,-0.00101146
-7.72573e-009,-0.00189535
-7.52573e-009,-0.00101146
-7.32573e-009,-0.00189535
-7.12573e-009,-0.00101146
-6.92573e-009,0.000756329
-6.72573e-009,0.00252411
-6.52573e-009,0.00164022
-6.32573e-009,-0.000127563
-6.12573e-009,0.000756329
-5.92573e-009,-0.00101146
-5.72573e-009,-0.000127563
-5.52573e-009,-0.000127563
-5.32573e-009,-0.000127563
-5.12573e-009,-0.00101146
-4.92573e-009,0.00164022
-4.72573e-009,0.000756329
-4.52573e-009,0.000756329
-4.32573e-009,0.00164022
-4.12573e-009,-0.00101146
-3.92573e-009,-0.00277924
-3.72573e-009,-0.00101146
-3.52573e-009,0.000756329
-3.32573e-009,-0.00101146
-3.12573e-009,-0.000127563
-2.92573e-009,-0.000127563
-2.72573e-009,-0.000127563
-2.52573e-009,-0.00189535
-2.32573e-009,-0.000127563
-2.12573e-009,0.00164022
-1.92573e-009,0.000756329
-1.72573e-009,-0.00101146
-1.52573e-009,-0.00189535
-1.32573e-009,0.00164022
-1.12573e-009,0.000756329
-9.25732e-010,-0.000127563
-7.25732e-010,0.000756329
-5.25732e-010,-0.00101146
-3.25732e-010,-0.00101146
-1.25732e-010,0.000756329
7.42676e-011,-0.00101146
2.74268e-010,-0.00189535
4.74268e-010,0.000756329
6.74268e-010,-0.000127563
8.74268e-010,-0.000127563
1.07427e-009,-0.000127563
1.27427e-009,-0.00189535
1.47427e-009,-0.00101146
1.67427e-009,-0.000127563
1.87427e-009,-0.00101146
2.07427e-009,0.000756329
2.27427e-009,0.00252411
2.47427e-009,0.000756329
2.67427e-009,0.000756329
2.87427e-009,-0.000127563
3.07427e-009,-0.000127563
3.27427e-009,-0.00101146
3.47427e-009,0.000756329
3.67427e-009,-0.000127563
3.87427e-009,-0.000127563
4.07427e-009,0.000756329
4.27427e-009,-0.00189535
4.47427e-009,-0.00189535
4.67427e-009,-0.00101146
4.87427e-009,-0.00101146
5.07427e-009,-0.00101146
5.27427e-009,-0.000127563
5.47427e-009,-0.00101146
5.67427e-009,-0.000127563
5.87427e-009,-0.000127563
6.07427e-009,-0.000127563
6.27427e-009,-0.000127563
6.47427e-009,-0.000127563
6.67427e-009,-0.00101146
6.87427e-009,-0.000127563
7.07427e-009,0.000756329
7.27427e-009,-0.00189535
7.47427e-009,-0.00101146
7.67427e-009,-0.00101146
7.87427e-009,-0.000127563
8.07427e-009,-0.000127563
8.27427e-009,0.00252411
8.47427e-009,0.00164022
8.67427e-009,-0.000127563
8.87427e-009,-0.00101146
9.07427e-009,-0.000127563
9.27427e-009,-0.000127563
9.47427e-009,0.000756329
9.67427e-009,-0.000127563
9.87427e-009,0.00164022
1.00743e-008,0.00252411
1.02743e-008,0.000756329
1.04743e-008,-0.00101146
1.06743e-008,-0.00277924
1.08743e-008,-0.00277924
1.10743e-008,-0.00101146
1.12743e-008,-0.000127563
1.14743e-008,-0.000127563
1.16743e-008,0.000756329
1.18743e-008,-0.00101146
1.20743e-008,-0.00277924
1.22743e-008,-0.00189535
1.24743e-008,-0.00101146
1.26743e-008,-0.00101146
1.28743e-008,-0.00189535
1.30743e-008,-0.000127563
1.32743e-008,0.000756329
1.34743e-008,-0.000127563
1.36743e-008,0.000756329
1.38743e-008,-0.00101146
1.40743e-008,0.000756329
1.42743e-008,0.000756329
1.44743e-008,0.000756329
1.46743e-008,-0.000127563
1.48743e-008,-0.00101146
1.50743e-008,-0.000127563
1.52743e-008,-0.000127563
1.54743e-008,0.000756329
1.56743e-008,-0.000127563
1.58743e-008,0.000756329
1.60743e-008,0.00164022
1.62743e-008,-0.000127563
1.64743e-008,-0.000127563
1.66743e-008,0.000756329
1.68743e-008,0.000756329
1.70743e-008,0.000756329
1.72743e-008,0.000756329
1.74743e-008,0.000756329
1.76743e-008,-0.000127563
1.78743e-008,0.00164022
1.80743e-008,0.00252411
1.82743e-008,0.000756329
1.84743e-008,0.00164022
1.86743e-008,-0.00101146
1.88743e-008,0.00164022
1.90743e-008,0.000756329
1.92743e-008,-0.000127563
1.94743e-008,-0.000127563
1.96743e-008,-0.000127563
1.98743e-008,-0.000127563
2.00743e-008,-0.000127563
2.02743e-008,-0.000127563
2.04743e-008,-0.00189535
2.06743e-008,-0.00101146
2.08743e-008,-0.000127563
2.10743e-008,-0.000127563
2.12743e-008,-0.000127563
2.14743e-008,-0.00101146
2.16743e-008,-0.00101146
2.18743e-008,-0.00101146
2.20743e-008,0.00164022
2.22743e-008,0.00164022
2.24743e-008,0.00164022
2.26743e-008,0.00252411
2.28743e-008,0.00164022
2.30743e-008,0.000756329
2.32743e-008,-0.000127563
2.34743e-008,-0.00189535
2.36743e-008,-0.00189535
2.38743e-008,-0.00189535
2.40743e-008,0.000756329
2.42743e-008,-0.00101146
2.44743e-008,-0.000127563
2.46743e-008,-0.000127563
2.48743e-008,0.000756329
2.50743e-008,0.00252411
2.52743e-008,0.000756329
2.54743e-008,0.00164022
2.56743e-008,0.00252411
2.58743e-008,0.00252411
2.60743e-008,0.000756329
2.62743e-008,0.000756329
2.64743e-008,0.000756329
2.66743e-008,-0.00101146
2.68743e-008,0.000756329
2.70743e-008,0.000756329
2.72743e-008,-0.000127563
2.74743e-008,0.00164022
2.76743e-008,0.000756329
2.78743e-008,0.00164022
2.80743e-008,0.00252411
2.82743e-008,0.000756329
2.84743e-008,-0.00101146
2.86743e-008,0.000756329
2.88743e-008,-0.000127563
2.90743e-008,-0.000127563
2.92743e-008,-0.000127563
2.94743e-008,-0.00189535
2.96743e-008,-0.00101146
2.98743e-008,-0.00101146
3.00743e-008,-0.000127563
3.02743e-008,-0.000127563
3.04743e-008,-0.00101146
3.06743e-008,-0.00101146
3.08743e-008,-0.000127563
3.10743e-008,-0.00101146
3.12743e-008,-0.000127563
3.14743e-008,-0.00101146
3.16743e-008,-0.00101146
3.18743e-008,-0.00101146
3.20743e-008,-0.00189535
3.22743e-008,-0.00277924
3.24743e-008,-0.00189535
3.26743e-008,-0.00189535
3.28743e-008,-0.000127563
3.30743e-008,0.000756329
3.32743e-008,-0.00101146
3.34743e-008,-0.000127563
3.36743e-008,0.000756329
3.38743e-008,-0.000127563
3.40743e-008,0.00164022
3.42743e-008,-0.000127563
3.44743e-008,-0.00101146
3.46743e-008,-0.00101146
3.48743e-008,-0.000127563
3.50743e-008,-0.000127563
3.52743e-008,-0.000127563
3.54743e-008,-0.000127563
3.56743e-008,-0.00101146
3.58743e-008,-0.00277924
3.60743e-008,-0.00101146
3.62743e-008,0.000756329
3.64743e-008,0.00164022
3.66743e-008,0.000756329
3.68743e-008,0.000756329
3.70743e-008,0.000756329
3.72743e-008,0.000756329
3.74743e-008,-0.00189535
3.76743e-008,-0.000127563
3.78743e-008,-0.000127563
3.80743e-008,-0.00101146
3.82743e-008,0.000756329
3.84743e-008,0.000756329
3.86743e-008,0.000756329
3.88743e-008,0.00164022
3.90743e-008,0.000756329
3.92743e-008,-0.000127563
3.94743e-008,-0.000127563
3.96743e-008,-0.000127563
3.98743e-008,-0.00101146
4.00743e-008,-0.00189535
4.02743e-008,-0.00101146
4.04743e-008,-0.00101146
4.06743e-008,0.00164022
4.08743e-008,-0.00101146
4.10743e-008,0.000756329
4.12743e-008,-0.000127563
4.14743e-008,0.000756329
4.16743e-008,0.00164022
4.18743e-008,0.00164022
4.20743e-008,0.000756329
4.22743e-008,-0.00101146
4.24743e-008,-0.00189535
4.26743e-008,-0.00277924
4.28743e-008,-0.00101146
4.30743e-008,0.000756329
4.32743e-008,-0.000127563
4.34743e-008,0.000756329
4.36743e-008,-0.000127563
4.38743e-008,-0.000127563
4.40743e-008,-0.000127563
4.42743e-008,-0.000127563
4.44743e-008,0.000756329
4.46743e-008,-0.000127563
4.48743e-008,0.000756329
4.50743e-008,0.000756329
4.52743e-008,-0.000127563
4.54743e-008,-0.000127563
4.56743e-008,-0.00101146
4.58743e-008,0.000756329
4.60743e-008,0.00252411
4.62743e-008,0.000756329
4.64743e-008,0.000756329
4.66743e-008,-0.000127563
4.68743e-008,0.000756329
4.70743e-008,0.000756329
4.72743e-008,0.000756329
4.74743e-008,-0.00101146
4.76743e-008,-0.00101146
4.78743e-008,-0.000127563
4.80743e-008,-0.00101146
4.82743e-008,-0.00101146
4.84743e-008,0.00164022
4.86743e-008,-0.00101146
4.88743e-008,-0.00189535
4.90743e-008,-0.00101146
4.92743e-008,-0.000127563
4.94743e-008,0.000756329
4.96743e-008,0.00252411
4.98743e-008,-0.000127563
5.00743e-008,-0.000127563
5.02743e-008,0.00252411
5.04743e-008,0.000756329
5.06743e-008,-0.000127563
5.08743e-008,-0.00101146
5.10743e-008,-0.000127563
5.12743e-008,0.000756329
5.14743e-008,-0.000127563
5.16743e-008,0.000756329
5.18743e-008,0.000756329
5.20743e-008,0.00164022
5.22743e-008,0.000756329
5.24743e-008,0.000756329
5.26743e-008,-0.000127563
5.28743e-008,-0.000127563
5.30743e-008,-0.00101146
5.32743e-008,-0.000127563
5.34743e-008,0.000756329
5.36743e-008,-0.00101146
5.38743e-008,-0.000127563
5.40743e-008,0.000756329
5.42743e-008,-0.00101146
5.44743e-008,0.00164022
5.46743e-008,-0.000127563
5.48743e-008,-0.000127563
5.50743e-008,0.00164022
5.52743e-008,-0.000127563
5.54743e-008,-0.00101146
5.56743e-008,-0.00101146
5.58743e-008,-0.00189535
5.60743e-008,-0.00101146
5.62743e-008,0.00252411
5.64743e-008,0.000756329
5.66743e-008,0.00164022
5.68743e-008,0.000756329
5.70743e-008,0.000756329
5.72743e-008,-0.000127563
5.74743e-008,0.00164022
5.76743e-008,0.000756329
5.78743e-008,0.000756329
5.80743e-008,0.00252411
5.82743e-008,0.000756329
5.84743e-008,-0.000127563
5.86743e-008,0.000756329
5.88743e-008,-0.00101146
5.90743e-008,-0.00101146
5.92743e-008,-0.00277924
5.94743e-008,-0.000127563
5.96743e-008,-0.00101146
5.98743e-008,-0.00189535
6.00743e-008,-0.00101146
6.02743e-008,-0.000127563
6.04743e-008,0.000756329
6.06743e-008,-0.000127563
6.08743e-008,-0.00189535
6.10743e-008,0.000756329
6.12743e-008,0.00252411
6.14743e-008,0.00252411
6.16743e-008,0.00252411
6.18743e-008,-0.00101146
6.20743e-008,0.00164022
6.22743e-008,-0.000127563
6.24743e-008,-0.00101146
6.26743e-008,-0.00189535
6.28743e-008,-0.000127563
6.30743e-008,-0.00101146
6.32743e-008,-0.00189535
6.34743e-008,-0.00189535
6.36743e-008,-0.000127563
6.38743e-008,-0.00101146
6.40743e-008,-0.000127563
6.42743e-008,-0.000127563
6.44743e-008,-0.000127563
6.46743e-008,0.000756329
6.48743e-008,0.000756329
6.50743e-008,-0.00101146
6.52743e-008,-0.00101146
6.54743e-008,-0.00101146
6.56743e-008,-0.00189535
6.58743e-008,0.000756329
6.60743e-008,0.000756329
6.62743e-008,-0.000127563
6.64743e-008,0.00164022
6.66743e-008,-0.00101146
6.68743e-008,-0.00101146
6.70743e-008,-0.00277924
6.72743e-008,-0.00277924
6.74743e-008,-0.00277924
6.76743e-008,-0.00189535
6.78743e-008,-0.000127563
6.80743e-008,0.000756329
6.82743e-008,0.000756329
6.84743e-008,-0.00101146
6.86743e-008,-0.00277924
6.88743e-008,-0.00366313
6.90743e-008,-0.00101146
6.92743e-008,-0.00366313
6.94743e-008,-0.00366313
6.96743e-008,-0.00277924
6.98743e-008,-0.00454702
7.00743e-008,-0.00277924
7.02743e-008,-0.00454702
7.04743e-008,-0.00454702
7.06743e-008,-0.00277924
7.08743e-008,-0.000127563
7.10743e-008,0.000756329
7.12743e-008,0.00164022
7.14743e-008,-0.00101146
7.16743e-008,-0.00189535
7.18743e-008,-0.00277924
7.20743e-008,-0.00277924
7.22743e-008,-0.00189535
7.24743e-008,-0.00189535
7.26743e-008,-0.00543092
7.28743e-008,-0.00454702
7.30743e-008,-0.00366313
7.32743e-008,-0.00189535
7.34743e-008,-0.00277924
7.36743e-008,0.00252411
7.38743e-008,0.00252411
7.40743e-008,0.00164022
7.42743e-008,0.00252411
7.44743e-008,-0.000127563
7.46743e-008,-0.000127563
7.48743e-008,0.000756329
7.50743e-008,-0.00101146
7.52743e-008,-0.000127563
7.54743e-008,-0.00101146
7.56743e-008,-0.00366313
7.58743e-008,-0.00543092
7.60743e-008,-0.00366313
7.62743e-008,-0.00101146
7.64743e-008,0.000756329
7.66743e-008,-0.000127563
7.68743e-008,0.000756329
7.70743e-008,0.00164022
7.72743e-008,0.0042919
7.74743e-008,0.00252411
7.76743e-008,-0.000127563
7.78743e-008,-0.00189535
7.80743e-008,-0.00101146
7.82743e-008,-0.00101146
7.84743e-008,-0.00101146
7.86743e-008,-0.000127563
7.88743e-008,0.000756329
7.90743e-008,-0.000127563
7.92743e-008,-0.00101146
7.94743e-008,-0.000127563
7.96743e-008,0.00164022
7.98743e-008,0.000756329
8.00743e-008,-0.00189535
8.02743e-008,-0.00101146
8.04743e-008,-0.000127563
8.06743e-008,-0.00101146
8.08743e-008,-0.000127563
8.10743e-008,-0.00101146
8.12743e-008,-0.00101146
8.14743e-008,-0.000127563
8.16743e-008,-0.000127563
8.18743e-008,-0.000127563
8.20743e-008,0.000756329
8.22743e-008,0.000756329
8.24743e-008,-0.000127563
8.26743e-008,-0.000127563
8.28743e-008,-0.000127563
8.30743e-008,-0.00101146
8.32743e-008,-0.00101146
8.34743e-008,-0.00101146
8.36743e-008,0.000756329
8.38743e-008,0.00164022
8.40743e-008,-0.000127563
8.42743e-008,-0.00189535
8.44743e-008,-0.00101146
8.46743e-008,-0.00189535
8.48743e-008,0.000756329
8.50743e-008,0.00164022
8.52743e-008,0.003408
8.54743e-008,0.00164022
8.56743e-008,0.00252411
8.58743e-008,0.000756329
8.60743e-008,-0.00101146
8.62743e-008,-0.00101146
8.64743e-008,-0.00277924
8.66743e-008,-0.00366313
8.68743e-008,-0.00277924
8.70743e-008,-0.00101146
8.72743e-008,-0.00101146
8.74743e-008,-0.000127563
8.76743e-008,-0.00101146
8.78743e-008,-0.000127563
8.80743e-008,-0.000127563
8.82743e-008,0.000756329
8.84743e-008,0.000756329
8.86743e-008,-0.000127563
8.88743e-008,0.000756329
8.90743e-008,-0.00101146
8.92743e-008,0.00164022
8.94743e-008,0.000756329
8.96743e-008,0.00252411
8.98743e-008,0.00164022
9.00743e-008,0.00164022
9.02743e-008,-0.000127563
9.04743e-008,0.000756329
9.06743e-008,-0.000127563
9.08743e-008,0.000756329
9.10743e-008,-0.000127563
9.12743e-008,0.00164022
9.14743e-008,-0.000127563
9.16743e-008,-0.00101146
9.18743e-008,-0.000127563
9.20743e-008,-0.00189535
9.22743e-008,-0.000127563
9.24743e-008,-0.00101146
9.26743e-008,-0.00189535
9.28743e-008,-0.000127563
9.30743e-008,0.000756329
9.32743e-008,-0.00101146
9.34743e-008,-0.000127563
9.36743e-008,0.00252411
9.38743e-008,0.000756329
9.40743e-008,0.00164022
9.42743e-008,-0.000127563
9.44743e-008,-0.00101146
9.46743e-008,0.00164022
9.48743e-008,-0.000127563
9.50743e-008,-0.000127563
9.52743e-008,-0.00189535
9.54743e-008,-0.00101146
9.56743e-008,-0.00101146
9.58743e-008,-0.00101146
9.60743e-008,-0.000127563
9.62743e-008,0.000756329
9.64743e-008,0.00164022
9.66743e-008,0.000756329
9.68743e-008,-0.000127563
9.70743e-008,0.000756329
9.72743e-008,0.000756329
9.74743e-008,-0.000127563
9.76743e-008,-0.00101146
9.78743e-008,-0.00189535
9.80743e-008,-0.00189535
9.82743e-008,0.00164022
9.84743e-008,0.000756329
9.86743e-008,-0.000127563
9.88743e-008,0.00164022
9.90743e-008,0.000756329
9.92743e-008,-0.000127563
9.94743e-008,0.000756329
9.96743e-008,0.00164022
9.98743e-008,0.00164022
1.00074e-007,0.00164022
1.00274e-007,0.000756329
1.00474e-007,-0.00101146
1.00674e-007,-0.00101146
1.00874e-007,-0.000127563
1.01074e-007,-0.000127563
1.01274e-007,0.00164022
1.01474e-007,0.000756329
1.01674e-007,-0.000127563
1.01874e-007,0.00164022
1.02074e-007,0.000756329
1.02274e-007,-0.000127563
1.02474e-007,0.00164022
1.02674e-007,0.00164022
1.02874e-007,-0.000127563
1.03074e-007,-0.00101146
1.03274e-007,-0.00101146
1.03474e-007,-0.00101146
1.03674e-007,-0.00189535
1.03874e-007,-0.00189535
1.04074e-007,-0.00366313
1.04274e-007,-0.00101146
1.04474e-007,-0.00101146
1.04674e-007,-0.000127563
1.04874e-007,0.00164022
1.05074e-007,0.000756329
1.05274e-007,0.000756329
1.05474e-007,0.00164022
1.05674e-007,-0.000127563
1.05874e-007,0.000756329
1.06074e-007,0.00164022
1.06274e-007,-0.000127563
1.06474e-007,-0.00189535
1.06674e-007,-0.000127563
1.06874e-007,0.00164022
1.07074e-007,-0.000127563
1.07274e-007,-0.00101146
1.07474e-007,-0.000127563
1.07674e-007,-0.000127563
1.07874e-007,0.000756329
1.08074e-007,-0.000127563
1.08274e-007,-0.000127563
1.08474e-007,0.00164022
1.08674e-007,0.000756329
1.08874e-007,0.000756329
1.09074e-007,0.00164022
1.09274e-007,0.000756329
1.09474e-007,0.00164022
1.09674e-007,-0.000127563
1.09874e-007,-0.000127563
1.10074e-007,-0.000127563
1.10274e-007,-0.000127563
1.10474e-007,-0.00189535
1.10674e-007,-0.000127563
1.10874e-007,0.00164022
1.11074e-007,0.00252411
1.11274e-007,0.00164022
1.11474e-007,-0.000127563
1.11674e-007,-0.00101146
1.11874e-007,-0.000127563
1.12074e-007,0.000756329
1.12274e-007,0.00252411
1.12474e-007,-0.000127563
1.12674e-007,0.00164022
1.12874e-007,-0.000127563
1.13074e-007,-0.000127563
1.13274e-007,0.000756329
1.13474e-007,0.000756329
1.13674e-007,0.000756329
1.13874e-007,0.00252411
1.14074e-007,0.000756329
1.14274e-007,0.000756329
1.14474e-007,0.000756329
1.14674e-007,-0.00101146
1.14874e-007,-0.000127563
1.15074e-007,0.000756329
1.15274e-007,-0.000127563
1.15474e-007,-0.000127563
1.15674e-007,-0.000127563
1.15874e-007,-0.000127563
1.16074e-007,-0.000127563
1.16274e-007,-0.000127563
1.16474e-007,-0.000127563
1.16674e-007,-0.00101146
1.16874e-007,-0.00101146
1.17074e-007,-0.00101146
1.17274e-007,-0.00101146
1.17474e-007,-0.000127563
1.17674e-007,-0.00277924
1.17874e-007,-0.000127563
1.18074e-007,0.00164022
1.18274e-007,0.000756329
1.18474e-007,0.000756329
1.18674e-007,-0.000127563
1.18874e-007,-0.000127563
1.19074e-007,0.000756329
1.19274e-007,-0.000127563
1.19474e-007,-0.00101146
1.19674e-007,-0.000127563
1.19874e-007,0.000756329
1.20074e-007,-0.000127563
1.20274e-007,-0.00101146
1.20474e-007,0.000756329
1.20674e-007,-0.00101146
1.20874e-007,-0.00101146
1.21074e-007,-0.00101146
1.21274e-007,0.000756329
1.21474e-007,0.000756329
1.21674e-007,0.000756329
1.21874e-007,0.000756329
1.22074e-007,0.00164022
1.22274e-007,0.00252411
1.22474e-007,0.00164022
1.22674e-007,0.000756329
1.22874e-007,-0.000127563
1.23074e-007,-0.00101146
1.23274e-007,-0.00101146
1.23474e-007,-0.00101146
1.23674e-007,0.000756329
1.23874e-007,-0.000127563
1.24074e-007,-0.00189535
1.24274e-007,-0.000127563
1.24474e-007,0.000756329
1.24674e-007,0.00164022
1.24874e-007,0.000756329
1.25074e-007,-0.000127563
1.25274e-007,0.00164022
1.25474e-007,-0.000127563
1.25674e-007,-0.00101146
1.25874e-007,0.000756329
1.26074e-007,-0.00101146
1.26274e-007,-0.000127563
1.26474e-007,-0.00189535
1.26674e-007,-0.00101146
1.26874e-007,-0.00101146
1.27074e-007,-0.00189535
1.27274e-007,-0.00101146
1.27474e-007,-0.00101146
1.27674e-007,-0.00189535
1.27874e-007,0.00164022
1.28074e-007,0.00164022
1.28274e-007,0.000756329
1.28474e-007,0.00164022
1.28674e-007,-0.00101146
1.28874e-007,0.00164022
1.29074e-007,-0.000127563
1.29274e-007,-0.00101146
1.29474e-007,-0.000127563
1.29674e-007,0.000756329
1.29874e-007,0.00252411
1.30074e-007,0.00164022
1.30274e-007,0.00164022
1.30474e-007,-0.00189535
1.30674e-007,-0.00189535
1.30874e-007,-0.00101146
1.31074e-007,0.000756329
1.31274e-007,-0.00189535
1.31474e-007,-0.00101146
1.31674e-007,0.000756329
1.31874e-007,0.00164022
1.32074e-007,-0.00101146
1.32274e-007,-0.00101146
1.32474e-007,-0.00189535
1.32674e-007,-0.00189535
1.32874e-007,-0.000127563
1.33074e-007,-0.000127563
1.33274e-007,0.000756329
1.33474e-007,-0.00101146
1.33674e-007,0.00164022
1.33874e-007,0.00164022
1.34074e-007,0.00164022
1.34274e-007,0.00164022
1.34474e-007,-0.000127563
1.34674e-007,0.000756329
1.34874e-007,0.00164022
1.35074e-007,-0.000127563
1.35274e-007,-0.00101146
1.35474e-007,-0.000127563
1.35674e-007,-0.00189535
1.35874e-007,-0.00101146
1.36074e-007,-0.000127563
1.36274e-007,-0.00101146
1.36474e-007,-0.00101146
1.36674e-007,-0.000127563
1.36874e-007,-0.000127563
1.37074e-007,-0.000127563
1.37274e-007,0.000756329
1.37474e-007,-0.000127563
1.37674e-007,0.000756329
1.37874e-007,0.000756329
1.38074e-007,-0.00101146
1.38274e-007,-0.00189535
1.38474e-007,-0.00101146
1.38674e-007,-0.00101146
1.38874e-007,-0.00189535
1.39074e-007,-0.00189535
1.39274e-007,-0.00189535
1.39474e-007,-0.000127563
1.39674e-007,0.000756329
1.39874e-007,-0.000127563
1.40074e-007,-0.00101146
1.40274e-007,0.000756329
1.40474e-007,-0.000127563
1.40674e-007,-0.000127563
1.40874e-007,-0.000127563
1.41074e-007,-0.000127563
1.41274e-007,-0.000127563
1.41474e-007,0.00164022
1.41674e-007,0.000756329
1.41874e-007,-0.00189535
1.42074e-007,-0.000127563
1.42274e-007,-0.000127563
1.42474e-007,-0.000127563
1.42674e-007,0.000756329
1.42874e-007,0.00164022
1.43074e-007,0.000756329
1.43274e-007,-0.000127563
1.43474e-007,-0.000127563
1.43674e-007,-0.00101146
1.43874e-007,-0.000127563
1.44074e-007,-0.000127563
1.44274e-007,-0.00101146
1.44474e-007,0.000756329
1.44674e-007,-0.000127563
1.44874e-007,-0.000127563
1.45074e-007,0.00164022
1.45274e-007,0.000756329
1.45474e-007,0.00252411
1.45674e-007,0.003408
1.45874e-007,0.00164022
1.46074e-007,-0.000127563
1.46274e-007,0.00252411
1.46474e-007,-0.000127563
1.46674e-007,-0.00101146
1.46874e-007,0.000756329
1.47074e-007,0.000756329
1.47274e-007,0.000756329
1.47474e-007,0.000756329
1.47674e-007,0.000756329
1.47874e-007,0.000756329
1.48074e-007,0.000756329
1.48274e-007,-0.000127563
1.48474e-007,-0.000127563
1.48674e-007,0.000756329
1.48874e-007,-0.000127563
1.49074e-007,0.000756329
1.49274e-007,0.000756329
1.49474e-007,-0.00101146
1.49674e-007,-0.00101146
1.49874e-007,-0.000127563
1.50074e-007,-0.000127563
1.50274e-007,-0.00101146
1.50474e-007,0.00164022
1.50674e-007,0.000756329
1.50874e-007,0.000756329
1.51074e-007,0.00252411
1.51274e-007,0.00164022
1.51474e-007,0.000756329
1.51674e-007,-0.000127563
1.51874e-007,-0.00101146
1.52074e-007,-0.00101146
1.52274e-007,-0.00101146
1.52474e-007,-0.00101146
1.52674e-007,-0.000127563
1.52874e-007,-0.00101146
1.53074e-007,-0.000127563
1.53274e-007,0.000756329
1.53474e-007,0.00164022
1.53674e-007,0.000756329
1.53874e-007,0.00164022
1.54074e-007,0.00252411
1.54274e-007,0.000756329
1.54474e-007,-0.000127563
1.54674e-007,-0.000127563
1.54874e-007,-0.00189535
1.55074e-007,-0.00101146
1.55274e-007,-0.00101146
1.55474e-007,0.000756329
1.55674e-007,0.000756329
1.55874e-007,-0.00101146
1.56074e-007,-0.000127563
1.56274e-007,0.000756329
1.56474e-007,0.00252411
1.56674e-007,0.00164022
1.56874e-007,0.000756329
1.57074e-007,0.00252411
1.57274e-007,0.00164022
1.57474e-007,0.000756329
1.57674e-007,0.000756329
1.57874e-007,-0.00189535
1.58074e-007,-0.000127563
1.58274e-007,0.000756329
1.58474e-007,-0.00101146
1.58674e-007,-0.00101146
1.58874e-007,0.00164022
1.59074e-007,-0.00101146
1.59274e-007,-0.00101146
1.59474e-007,-0.00101146
1.59674e-007,-0.00189535
1.59874e-007,-0.00189535
1.60074e-007,-0.000127563
1.60274e-007,-0.00189535
1.60474e-007,-0.00189535
1.60674e-007,-0.000127563
1.60874e-007,-0.00101146
1.61074e-007,-0.00189535
1.61274e-007,0.000756329
1.61474e-007,0.000756329
1.61674e-007,-0.000127563
1.61874e-007,0.000756329
1.62074e-007,0.00164022
1.62274e-007,0.00164022
1.62474e-007,0.000756329
1.62674e-007,-0.000127563
1.62874e-007,-0.000127563
1.63074e-007,-0.00101146
1.63274e-007,-0.00189535
1.63474e-007,-0.00189535
1.63674e-007,0.000756329
1.63874e-007,0.00252411
1.64074e-007,0.00164022
1.64274e-007,0.00252411
1.64474e-007,0.000756329
1.64674e-007,0.00164022
1.64874e-007,0.00164022
1.65074e-007,0.000756329
1.65274e-007,0.000756329
1.65474e-007,0.000756329
1.65674e-007,0.00164022
1.65874e-007,-0.000127563
1.66074e-007,0.000756329
1.66274e-007,0.000756329
1.66474e-007,0.000756329
1.66674e-007,0.00164022
1.66874e-007,-0.000127563
1.67074e-007,-0.00101146
1.67274e-007,0.00164022
1.67474e-007,-0.00101146
1.67674e-007,-0.000127563
1.67874e-007,-0.00101146
1.68074e-007,-0.000127563
1.68274e-007,-0.00101146
1.68474e-007,-0.00101146
1.68674e-007,0.000756329
1.68874e-007,-0.000127563
1.69074e-007,0.000756329
1.69274e-007,-0.000127563
1.69474e-007,0.000756329
1.69674e-007,0.00164022
1.69874e-007,0.000756329
1.70074e-007,-0.000127563
1.70274e-007,-0.000127563
1.70474e-007,-0.000127563
1.70674e-007,0.000756329
1.70874e-007,-0.00101146
1.71074e-007,0.000756329
1.71274e-007,-0.000127563
1.71474e-007,0.000756329
1.71674e-007,-0.000127563
1.71874e-007,-0.000127563
1.72074e-007,-0.000127563
1.72274e-007,0.000756329
1.72474e-007,0.00164022
1.72674e-007,0.00164022
1.72874e-007,-0.00101146
1.73074e-007,-0.00101146
1.73274e-007,-0.000127563
1.73474e-007,-0.000127563
1.73674e-007,-0.000127563
1.73874e-007,0.000756329
1.74074e-007,-0.00101146
1.74274e-007,-0.000127563
1.74474e-007,-0.00101146
1.74674e-007,-0.000127563
1.74874e-007,-0.000127563
1.75074e-007,0.000756329
1.75274e-007,-0.00101146
1.75474e-007,-0.00101146
1.75674e-007,-0.00189535
1.75874e-007,-0.00101146
1.76074e-007,-0.00101146
1.76274e-007,-0.00101146
1.76474e-007,0.000756329
1.76674e-007,-0.00101146
1.76874e-007,-0.000127563
1.77074e-007,-0.000127563
1.77274e-007,-0.00189535
1.77474e-007,-0.000127563
1.77674e-007,-0.00101146
1.77874e-007,-0.000127563
1.78074e-007,0.00164022
1.78274e-007,-0.000127563
1.78474e-007,0.000756329
1.78674e-007,-0.00101146
1.78874e-007,-0.00277924
1.79074e-007,-0.00189535
1.79274e-007,-0.00101146
1.79474e-007,-0.000127563
1.79674e-007,0.000756329
1.79874e-007,0.00164022
1.80074e-007,-0.000127563
1.80274e-007,-0.00101146
1.80474e-007,0.000756329
1.80674e-007,-0.00189535
1.80874e-007,-0.00101146
1.81074e-007,-0.000127563
1.81274e-007,0.000756329
1.81474e-007,0.000756329
1.81674e-007,0.00164022
1.81874e-007,-0.000127563
1.82074e-007,-0.00101146
1.82274e-007,0.00164022
1.82474e-007,0.00164022
1.82674e-007,-0.000127563
1.82874e-007,0.000756329
1.83074e-007,-0.000127563
1.83274e-007,-0.00277924
1.83474e-007,-0.00101146
1.83674e-007,-0.000127563
1.83874e-007,0.000756329
1.84074e-007,0.000756329
1.84274e-007,-0.000127563
1.84474e-007,-0.000127563
1.84674e-007,-0.000127563
1.84874e-007,-0.00101146
1.85074e-007,-0.00101146
1.85274e-007,0.000756329
1.85474e-007,-0.000127563
1.85674e-007,-0.000127563
1.85874e-007,0.000756329
1.86074e-007,0.000756329
1.86274e-007,0.000756329
1.86474e-007,-0.000127563
1.86674e-007,-0.000127563
1.86874e-007,-0.000127563
1.87074e-007,0.000756329
1.87274e-007,-0.00101146
1.87474e-007,-0.00101146
1.87674e-007,0.000756329
1.87874e-007,-0.000127563
1.88074e-007,-0.00189535
1.88274e-007,-0.000127563
1.88474e-007,-0.00277924
1.88674e-007,-0.000127563
1.88874e-007,0.00164022
1.89074e-007,-0.000127563
1.89274e-007,-0.000127563
1.89474e-007,0.000756329
1.89674e-007,-0.00101146
1.89874e-007,-0.000127563
1.90074e-007,0.000756329
1.90274e-007,0.00164022
1.90474e-007,0.00252411
