
30.00(Ek)1.60(Ep)0.00(A)   30-07-20 12-17

-2.700000E+0	-6.317530E-10
-2.650000E+0	-6.323900E-10
-2.600000E+0	-6.319867E-10
-2.550000E+0	-6.320938E-10
-2.500000E+0	-6.319273E-10
-2.450000E+0	-6.324872E-10
-2.400000E+0	-6.320093E-10
-2.350000E+0	-6.325666E-10
-2.300000E+0	-6.322499E-10
-2.250000E+0	-6.319215E-10
-2.200000E+0	-6.321089E-10
-2.150000E+0	-6.319916E-10
-2.100000E+0	-6.326623E-10
-2.050000E+0	-6.324199E-10
-2.000000E+0	-6.324111E-10
-1.950000E+0	-6.325768E-10
-1.900000E+0	-6.317397E-10
-1.850000E+0	-6.317991E-10
-1.800000E+0	-6.324883E-10
-1.750000E+0	-6.324860E-10
-1.700000E+0	-6.325918E-10
-1.650000E+0	-6.334310E-10
-1.600000E+0	-6.336043E-10
-1.550000E+0	-6.354198E-10
-1.500000E+0	-6.377064E-10
-1.450000E+0	-6.397995E-10
-1.400000E+0	-6.435238E-10
-1.350000E+0	-6.481810E-10
-1.300000E+0	-6.552963E-10
-1.250000E+0	-6.610606E-10
-1.200000E+0	-6.652318E-10
-1.150000E+0	-6.674301E-10
-1.100000E+0	-6.685710E-10
-1.050000E+0	-6.687003E-10
-1.000000E+0	-6.696648E-10
-9.500000E-1	-6.701065E-10
-9.000000E-1	-6.707404E-10
-8.500000E-1	-6.710038E-10
-8.000000E-1	-6.709990E-10
-7.500000E-1	-6.712854E-10
-7.000000E-1	-6.716168E-10
-6.500000E-1	-6.716037E-10
-6.000000E-1	-6.716065E-10
-5.500000E-1	-6.715348E-10
-5.000000E-1	-6.709597E-10
-4.500000E-1	-6.715334E-10
-4.000000E-1	-6.712687E-10
-3.500000E-1	-6.714335E-10
-3.000000E-1	-6.712068E-10
-2.500000E-1	-6.704640E-10
-2.000000E-1	-6.706514E-10
-1.500000E-1	-6.697760E-10
-1.000000E-1	-6.691580E-10
-5.000000E-2	-6.684731E-10
0.000000E+0	-6.669361E-10
5.000000E-2	-6.651303E-10
1.000000E-1	-6.631408E-10
1.500000E-1	-6.601611E-10
2.000000E-1	-6.568051E-10
2.500000E-1	-6.519247E-10
3.000000E-1	-6.457945E-10
3.500000E-1	-6.406200E-10
4.000000E-1	-6.366196E-10
4.500000E-1	-6.344887E-10
5.000000E-1	-6.333135E-10
5.500000E-1	-6.340045E-10
6.000000E-1	-6.339198E-10
6.500000E-1	-6.334517E-10
7.000000E-1	-6.337746E-10
7.500000E-1	-6.334260E-10
8.000000E-1	-6.334816E-10
8.500000E-1	-6.339578E-10
9.000000E-1	-6.334613E-10
9.500000E-1	-6.336440E-10
1.000000E+0	-6.334320E-10
1.050000E+0	-6.336150E-10
1.100000E+0	-6.338578E-10
1.150000E+0	-6.332302E-10
1.200000E+0	-6.333131E-10
1.250000E+0	-6.334561E-10
1.300000E+0	-6.335636E-10
1.350000E+0	-6.335489E-10
1.400000E+0	-6.337312E-10
1.450000E+0	-6.336077E-10
1.500000E+0	-6.338238E-10
