LECROYWR6050,144,Waveform
Segments,1,SegmentSize,1002
Segment,TrigTime,TimeSinceSegment1
#1,18-Jan-2002 23:37:17,0                 
Time,Ampl
-9.76428e-009,-0.000127563
-9.56428e-009,-0.00101146
-9.36428e-009,0.000756329
-9.16428e-009,0.000756329
-8.96428e-009,0.000756329
-8.76428e-009,0.000756329
-8.56428e-009,0.000756329
-8.36428e-009,0.000756329
-8.16428e-009,-0.000127563
-7.96428e-009,-0.000127563
-7.76428e-009,0.00252411
-7.56428e-009,-0.000127563
-7.36428e-009,-0.00101146
-7.16428e-009,0.00164022
-6.96428e-009,-0.000127563
-6.76428e-009,0.000756329
-6.56428e-009,0.00164022
-6.36428e-009,0.000756329
-6.16428e-009,-0.000127563
-5.96428e-009,-0.00101146
-5.76428e-009,-0.000127563
-5.56428e-009,-0.000127563
-5.36428e-009,-0.00101146
-5.16428e-009,0.000756329
-4.96428e-009,0.00164022
-4.76428e-009,0.000756329
-4.56428e-009,0.000756329
-4.36428e-009,-0.000127563
-4.16428e-009,0.00164022
-3.96428e-009,-0.000127563
-3.76428e-009,-0.000127563
-3.56428e-009,-0.000127563
-3.36428e-009,-0.000127563
-3.16428e-009,-0.00101146
-2.96428e-009,-0.00101146
-2.76428e-009,0.000756329
-2.56428e-009,0.000756329
-2.36428e-009,0.00252411
-2.16428e-009,0.00164022
-1.96428e-009,0.00164022
-1.76428e-009,0.000756329
-1.56428e-009,-0.000127563
-1.36428e-009,-0.00101146
-1.16428e-009,0.00164022
-9.64278e-010,-0.000127563
-7.64278e-010,0.000756329
-5.64278e-010,0.00164022
-3.64278e-010,-0.000127563
-1.64278e-010,-0.00101146
3.57221e-011,-0.000127563
2.35722e-010,-0.000127563
4.35722e-010,-0.00101146
6.35722e-010,-0.00101146
8.35722e-010,-0.000127563
1.03572e-009,0.00164022
1.23572e-009,0.000756329
1.43572e-009,0.000756329
1.63572e-009,-0.000127563
1.83572e-009,0.000756329
2.03572e-009,-0.000127563
2.23572e-009,-0.000127563
2.43572e-009,-0.000127563
2.63572e-009,-0.00101146
2.83572e-009,-0.00101146
3.03572e-009,0.000756329
3.23572e-009,-0.00189535
3.43572e-009,-0.00189535
3.63572e-009,-0.00189535
3.83572e-009,-0.00101146
4.03572e-009,-0.00189535
4.23572e-009,-0.00101146
4.43572e-009,-0.00101146
4.63572e-009,-0.000127563
4.83572e-009,0.000756329
5.03572e-009,0.00164022
5.23572e-009,-0.000127563
5.43572e-009,-0.000127563
5.63572e-009,-0.000127563
5.83572e-009,0.000756329
6.03572e-009,0.00252411
6.23572e-009,-0.000127563
6.43572e-009,0.00164022
6.63572e-009,0.000756329
6.83572e-009,-0.000127563
7.03572e-009,-0.00101146
7.23572e-009,-0.00101146
7.43572e-009,-0.000127563
7.63572e-009,0.00164022
7.83572e-009,0.00164022
8.03572e-009,0.00164022
8.23572e-009,0.000756329
8.43572e-009,0.00164022
8.63572e-009,-0.000127563
8.83572e-009,-0.00101146
9.03572e-009,-0.00189535
9.23572e-009,-0.00101146
9.43572e-009,-0.000127563
9.63572e-009,0.000756329
9.83572e-009,0.000756329
1.00357e-008,0.000756329
1.02357e-008,-0.000127563
1.04357e-008,-0.00101146
1.06357e-008,-0.00101146
1.08357e-008,0.000756329
1.10357e-008,-0.000127563
1.12357e-008,-0.000127563
1.14357e-008,0.00164022
1.16357e-008,0.000756329
1.18357e-008,-0.000127563
1.20357e-008,-0.000127563
1.22357e-008,-0.000127563
1.24357e-008,0.000756329
1.26357e-008,-0.000127563
1.28357e-008,0.00252411
1.30357e-008,0.00164022
1.32357e-008,0.00164022
1.34357e-008,-0.000127563
1.36357e-008,-0.000127563
1.38357e-008,-0.00101146
1.40357e-008,-0.00101146
1.42357e-008,-0.00101146
1.44357e-008,-0.000127563
1.46357e-008,0.000756329
1.48357e-008,0.00164022
1.50357e-008,0.003408
1.52357e-008,0.00252411
1.54357e-008,-0.000127563
1.56357e-008,-0.00101146
1.58357e-008,-0.00101146
1.60357e-008,-0.00189535
1.62357e-008,0.000756329
1.64357e-008,0.000756329
1.66357e-008,-0.000127563
1.68357e-008,0.00164022
1.70357e-008,0.000756329
1.72357e-008,0.00164022
1.74357e-008,0.000756329
1.76357e-008,-0.000127563
1.78357e-008,-0.00101146
1.80357e-008,-0.000127563
1.82357e-008,-0.000127563
1.84357e-008,-0.00101146
1.86357e-008,0.000756329
1.88357e-008,-0.000127563
1.90357e-008,-0.00101146
1.92357e-008,0.00164022
1.94357e-008,-0.000127563
1.96357e-008,-0.000127563
1.98357e-008,0.000756329
2.00357e-008,0.000756329
2.02357e-008,0.000756329
2.04357e-008,0.00164022
2.06357e-008,-0.000127563
2.08357e-008,-0.000127563
2.10357e-008,0.00164022
2.12357e-008,0.000756329
2.14357e-008,-0.00101146
2.16357e-008,-0.000127563
2.18357e-008,-0.00277924
2.20357e-008,-0.00189535
2.22357e-008,-0.00189535
2.24357e-008,-0.00101146
2.26357e-008,-0.00101146
2.28357e-008,0.00164022
2.30357e-008,-0.00101146
2.32357e-008,-0.00101146
2.34357e-008,-0.00101146
2.36357e-008,-0.00101146
2.38357e-008,-0.00189535
2.40357e-008,0.00164022
2.42357e-008,0.000756329
2.44357e-008,0.000756329
2.46357e-008,0.00252411
2.48357e-008,-0.00101146
2.50357e-008,-0.00189535
2.52357e-008,-0.00189535
2.54357e-008,-0.000127563
2.56357e-008,-0.000127563
2.58357e-008,0.000756329
2.60357e-008,-0.00101146
2.62357e-008,-0.00101146
2.64357e-008,-0.00277924
2.66357e-008,-0.00101146
2.68357e-008,-0.00101146
2.70357e-008,-0.000127563
2.72357e-008,0.000756329
2.74357e-008,-0.000127563
2.76357e-008,-0.00101146
2.78357e-008,-0.000127563
2.80357e-008,-0.00101146
2.82357e-008,0.000756329
2.84357e-008,-0.000127563
2.86357e-008,-0.000127563
2.88357e-008,0.000756329
2.90357e-008,-0.000127563
2.92357e-008,-0.000127563
2.94357e-008,-0.000127563
2.96357e-008,0.000756329
2.98357e-008,0.000756329
3.00357e-008,-0.000127563
3.02357e-008,-0.00101146
3.04357e-008,-0.00101146
3.06357e-008,0.000756329
3.08357e-008,-0.000127563
3.10357e-008,-0.00101146
3.12357e-008,0.00164022
3.14357e-008,-0.00101146
3.16357e-008,-0.00189535
3.18357e-008,-0.00101146
3.20357e-008,-0.00101146
3.22357e-008,-0.00189535
3.24357e-008,-0.00101146
3.26357e-008,-0.00101146
3.28357e-008,-0.00189535
3.30357e-008,-0.00101146
3.32357e-008,-0.00101146
3.34357e-008,-0.00189535
3.36357e-008,-0.000127563
3.38357e-008,-0.000127563
3.40357e-008,-0.000127563
3.42357e-008,0.000756329
3.44357e-008,-0.00189535
3.46357e-008,-0.00101146
3.48357e-008,-0.00101146
3.50357e-008,-0.00101146
3.52357e-008,-0.000127563
3.54357e-008,-0.000127563
3.56357e-008,-0.000127563
3.58357e-008,-0.00101146
3.60357e-008,-0.00189535
3.62357e-008,-0.00101146
3.64357e-008,-0.00101146
3.66357e-008,-0.00101146
3.68357e-008,-0.00101146
3.70357e-008,-0.000127563
3.72357e-008,0.000756329
3.74357e-008,-0.00101146
3.76357e-008,-0.000127563
3.78357e-008,0.000756329
3.80357e-008,-0.00101146
3.82357e-008,-0.00101146
3.84357e-008,-0.000127563
3.86357e-008,0.00164022
3.88357e-008,-0.000127563
3.90357e-008,-0.00101146
3.92357e-008,-0.000127563
3.94357e-008,-0.00101146
3.96357e-008,-0.00189535
3.98357e-008,-0.00101146
4.00357e-008,-0.000127563
4.02357e-008,0.000756329
4.04357e-008,0.000756329
4.06357e-008,-0.000127563
4.08357e-008,-0.00189535
4.10357e-008,-0.000127563
4.12357e-008,-0.00101146
4.14357e-008,-0.000127563
4.16357e-008,-0.000127563
4.18357e-008,-0.00189535
4.20357e-008,-0.00101146
4.22357e-008,-0.00189535
4.24357e-008,-0.00189535
4.26357e-008,-0.00101146
4.28357e-008,-0.00277924
4.30357e-008,-0.00366313
4.32357e-008,-0.00366313
4.34357e-008,-0.00189535
4.36357e-008,-0.00101146
4.38357e-008,-0.000127563
4.40357e-008,-0.00101146
4.42357e-008,-0.00101146
4.44357e-008,0.000756329
4.46357e-008,-0.000127563
4.48357e-008,-0.000127563
4.50357e-008,-0.000127563
4.52357e-008,-0.00101146
4.54357e-008,-0.00101146
4.56357e-008,-0.00189535
4.58357e-008,-0.000127563
4.60357e-008,-0.00101146
4.62357e-008,-0.00189535
4.64357e-008,-0.000127563
4.66357e-008,-0.00277924
4.68357e-008,0.000756329
4.70357e-008,-0.00101146
4.72357e-008,-0.00101146
4.74357e-008,-0.000127563
4.76357e-008,0.000756329
4.78357e-008,0.000756329
4.80357e-008,0.000756329
4.82357e-008,-0.000127563
4.84357e-008,-0.00101146
4.86357e-008,-0.00101146
4.88357e-008,-0.00101146
4.90357e-008,-0.00101146
4.92357e-008,0.00164022
4.94357e-008,-0.000127563
4.96357e-008,-0.000127563
4.98357e-008,0.000756329
5.00357e-008,0.000756329
5.02357e-008,-0.00189535
5.04357e-008,-0.00277924
5.06357e-008,-0.00277924
5.08357e-008,-0.00189535
5.10357e-008,-0.00277924
5.12357e-008,-0.00101146
5.14357e-008,-0.00101146
5.16357e-008,-0.000127563
5.18357e-008,0.000756329
5.20357e-008,-0.000127563
5.22357e-008,0.00252411
5.24357e-008,0.000756329
5.26357e-008,-0.00101146
5.28357e-008,0.00252411
5.30357e-008,0.000756329
5.32357e-008,-0.000127563
5.34357e-008,-0.00101146
5.36357e-008,-0.00101146
5.38357e-008,-0.00101146
5.40357e-008,0.00164022
5.42357e-008,-0.00189535
5.44357e-008,-0.000127563
5.46357e-008,0.000756329
5.48357e-008,0.000756329
5.50357e-008,-0.00101146
5.52357e-008,-0.00101146
5.54357e-008,-0.000127563
5.56357e-008,-0.00189535
5.58357e-008,-0.000127563
5.60357e-008,0.000756329
5.62357e-008,0.000756329
5.64357e-008,0.00164022
5.66357e-008,0.000756329
5.68357e-008,0.00164022
5.70357e-008,0.00164022
5.72357e-008,0.000756329
5.74357e-008,-0.00101146
5.76357e-008,-0.00101146
5.78357e-008,0.000756329
5.80357e-008,0.00164022
5.82357e-008,0.00252411
5.84357e-008,-0.000127563
5.86357e-008,-0.000127563
5.88357e-008,-0.000127563
5.90357e-008,-0.000127563
5.92357e-008,0.000756329
5.94357e-008,-0.00189535
5.96357e-008,-0.00101146
5.98357e-008,-0.00101146
6.00357e-008,-0.000127563
6.02357e-008,-0.000127563
6.04357e-008,0.000756329
6.06357e-008,0.000756329
6.08357e-008,-0.000127563
6.10357e-008,0.000756329
6.12357e-008,0.000756329
6.14357e-008,-0.000127563
6.16357e-008,-0.000127563
6.18357e-008,-0.00101146
6.20357e-008,-0.00101146
6.22357e-008,-0.000127563
6.24357e-008,0.000756329
6.26357e-008,0.00164022
6.28357e-008,0.000756329
6.30357e-008,0.000756329
6.32357e-008,-0.000127563
6.34357e-008,-0.00189535
6.36357e-008,-0.00189535
6.38357e-008,-0.00189535
6.40357e-008,-0.00189535
6.42357e-008,-0.00101146
6.44357e-008,0.000756329
6.46357e-008,-0.000127563
6.48357e-008,-0.00101146
6.50357e-008,-0.00277924
6.52357e-008,-0.00366313
6.54357e-008,-0.00454702
6.56357e-008,-0.00631481
6.58357e-008,-0.0107343
6.60357e-008,-0.0125021
6.62357e-008,-0.0178054
6.64357e-008,-0.0222249
6.66357e-008,-0.0301799
6.68357e-008,-0.0354832
6.70357e-008,-0.0434383
6.72357e-008,-0.0522772
6.74357e-008,-0.0611161
6.76357e-008,-0.0664195
6.78357e-008,-0.069955
6.80357e-008,-0.0814456
6.82357e-008,-0.086749
6.84357e-008,-0.094704
6.86357e-008,-0.100007
6.88357e-008,-0.102659
6.90357e-008,-0.102659
6.92357e-008,-0.101775
6.94357e-008,-0.103543
6.96357e-008,-0.104427
6.98357e-008,-0.104427
7.00357e-008,-0.104427
7.02357e-008,-0.100891
7.04357e-008,-0.0973557
7.06357e-008,-0.0938201
7.08357e-008,-0.0894007
7.10357e-008,-0.0823295
7.12357e-008,-0.0787939
7.14357e-008,-0.0752584
7.16357e-008,-0.0717228
7.18357e-008,-0.0717228
7.20357e-008,-0.0664195
7.22357e-008,-0.0637678
7.24357e-008,-0.0637678
7.26357e-008,-0.062
7.28357e-008,-0.0602322
7.30357e-008,-0.0549289
7.32357e-008,-0.0505094
7.34357e-008,-0.0522772
7.36357e-008,-0.0478577
7.38357e-008,-0.0425544
7.40357e-008,-0.0416705
7.42357e-008,-0.0399027
7.44357e-008,-0.0381349
7.46357e-008,-0.037251
7.48357e-008,-0.0345993
7.50357e-008,-0.0354832
7.52357e-008,-0.0345993
7.54357e-008,-0.0337155
7.56357e-008,-0.0345993
7.58357e-008,-0.0345993
7.60357e-008,-0.0310638
7.62357e-008,-0.029296
7.64357e-008,-0.0239926
7.66357e-008,-0.0239926
7.68357e-008,-0.021341
7.70357e-008,-0.0195732
7.72357e-008,-0.0169215
7.74357e-008,-0.0195732
7.76357e-008,-0.0178054
7.78357e-008,-0.0178054
7.80357e-008,-0.0178054
7.82357e-008,-0.0169215
7.84357e-008,-0.0169215
7.86357e-008,-0.0178054
7.88357e-008,-0.0160376
7.90357e-008,-0.0133859
7.92357e-008,-0.00985037
7.94357e-008,-0.0116182
7.96357e-008,-0.00985037
7.98357e-008,-0.00896648
8.00357e-008,-0.00808259
8.02357e-008,-0.0071987
8.04357e-008,-0.00631481
8.06357e-008,-0.00631481
8.08357e-008,-0.00631481
8.10357e-008,-0.00543092
8.12357e-008,-0.00543092
8.14357e-008,-0.00543092
8.16357e-008,-0.00454702
8.18357e-008,-0.00543092
8.20357e-008,-0.00543092
8.22357e-008,-0.00454702
8.24357e-008,-0.00543092
8.26357e-008,-0.00277924
8.28357e-008,-0.000127563
8.30357e-008,-0.00277924
8.32357e-008,-0.00189535
8.34357e-008,-0.00366313
8.36357e-008,-0.00366313
8.38357e-008,-0.00189535
8.40357e-008,-0.00277924
8.42357e-008,-0.00101146
8.44357e-008,-0.000127563
8.46357e-008,0.00164022
8.48357e-008,0.00164022
8.50357e-008,0.00252411
8.52357e-008,0.003408
8.54357e-008,0.000756329
8.56357e-008,-0.000127563
8.58357e-008,0.000756329
8.60357e-008,0.000756329
8.62357e-008,0.000756329
8.64357e-008,0.00252411
8.66357e-008,0.003408
8.68357e-008,0.00164022
8.70357e-008,0.00164022
8.72357e-008,-0.00101146
8.74357e-008,0.000756329
8.76357e-008,0.00252411
8.78357e-008,0.003408
8.80357e-008,0.00517579
8.82357e-008,0.00517579
8.84357e-008,0.003408
8.86357e-008,0.00252411
8.88357e-008,0.0042919
8.90357e-008,0.003408
8.92357e-008,0.00517579
8.94357e-008,0.0042919
8.96357e-008,0.003408
8.98357e-008,0.00164022
9.00357e-008,0.00164022
9.02357e-008,0.000756329
9.04357e-008,0.00164022
9.06357e-008,0.00252411
9.08357e-008,0.003408
9.10357e-008,0.00517579
9.12357e-008,0.00694357
9.14357e-008,0.00605968
9.16357e-008,0.0042919
9.18357e-008,0.00252411
9.20357e-008,0.003408
9.22357e-008,0.0042919
9.24357e-008,0.003408
9.26357e-008,0.003408
9.28357e-008,0.00252411
9.30357e-008,0.003408
9.32357e-008,0.003408
9.34357e-008,0.003408
9.36357e-008,0.003408
9.38357e-008,0.00517579
9.40357e-008,0.0042919
9.42357e-008,0.00517579
9.44357e-008,0.00517579
9.46357e-008,0.0042919
9.48357e-008,0.0042919
9.50357e-008,0.003408
9.52357e-008,0.0042919
9.54357e-008,0.0042919
9.56357e-008,0.0042919
9.58357e-008,0.003408
9.60357e-008,0.003408
9.62357e-008,0.0042919
9.64357e-008,0.00517579
9.66357e-008,0.00694357
9.68357e-008,0.0042919
9.70357e-008,0.00517579
9.72357e-008,0.00517579
9.74357e-008,0.0042919
9.76357e-008,0.003408
9.78357e-008,0.0042919
9.80357e-008,0.00517579
9.82357e-008,0.00252411
9.84357e-008,0.00252411
9.86357e-008,0.00252411
9.88357e-008,0.00252411
9.90357e-008,0.00252411
9.92357e-008,0.003408
9.94357e-008,0.00252411
9.96357e-008,0.0042919
9.98357e-008,0.0042919
1.00036e-007,0.0042919
1.00236e-007,0.0042919
1.00436e-007,0.0042919
1.00636e-007,0.00252411
1.00836e-007,0.003408
1.01036e-007,0.00605968
1.01236e-007,0.003408
1.01436e-007,0.003408
1.01636e-007,0.003408
1.01836e-007,0.00252411
1.02036e-007,0.003408
1.02236e-007,0.00252411
1.02436e-007,0.0042919
1.02636e-007,0.0042919
1.02836e-007,0.00517579
1.03036e-007,0.003408
1.03236e-007,0.003408
1.03436e-007,0.00252411
1.03636e-007,0.00164022
1.03836e-007,0.00252411
1.04036e-007,0.003408
1.04236e-007,0.00252411
1.04436e-007,0.003408
1.04636e-007,0.00517579
1.04836e-007,0.003408
1.05036e-007,0.003408
1.05236e-007,0.00252411
1.05436e-007,0.00252411
1.05636e-007,0.00517579
1.05836e-007,0.00694357
1.06036e-007,0.0042919
1.06236e-007,0.0042919
1.06436e-007,0.0042919
1.06636e-007,0.00252411
1.06836e-007,0.0042919
1.07036e-007,0.00252411
1.07236e-007,0.00164022
1.07436e-007,0.00252411
1.07636e-007,0.00252411
1.07836e-007,0.00252411
1.08036e-007,0.003408
1.08236e-007,0.00252411
1.08436e-007,0.000756329
1.08636e-007,0.00164022
1.08836e-007,0.00164022
1.09036e-007,0.000756329
1.09236e-007,0.003408
1.09436e-007,0.00252411
1.09636e-007,0.00164022
1.09836e-007,0.00164022
1.10036e-007,0.000756329
1.10236e-007,0.000756329
1.10436e-007,0.00164022
1.10636e-007,0.00164022
1.10836e-007,0.00164022
1.11036e-007,0.0042919
1.11236e-007,0.003408
1.11436e-007,0.00252411
1.11636e-007,0.00252411
1.11836e-007,0.00252411
1.12036e-007,0.00252411
1.12236e-007,0.00252411
1.12436e-007,0.00164022
1.12636e-007,0.00164022
1.12836e-007,0.003408
1.13036e-007,0.00252411
1.13236e-007,0.00164022
1.13436e-007,0.00164022
1.13636e-007,0.00252411
1.13836e-007,0.00252411
1.14036e-007,0.003408
1.14236e-007,0.003408
1.14436e-007,0.00164022
1.14636e-007,0.00252411
1.14836e-007,0.00164022
1.15036e-007,0.000756329
1.15236e-007,0.00164022
1.15436e-007,0.00164022
1.15636e-007,0.00252411
1.15836e-007,0.003408
1.16036e-007,0.00252411
1.16236e-007,0.00164022
1.16436e-007,0.003408
1.16636e-007,0.00252411
1.16836e-007,0.00252411
1.17036e-007,0.0042919
1.17236e-007,0.00252411
1.17436e-007,0.00164022
1.17636e-007,0.00164022
1.17836e-007,0.00252411
1.18036e-007,-0.000127563
1.18236e-007,0.00164022
1.18436e-007,-0.000127563
1.18636e-007,0.000756329
1.18836e-007,0.00252411
1.19036e-007,0.000756329
1.19236e-007,0.00164022
1.19436e-007,0.003408
1.19636e-007,0.00252411
1.19836e-007,0.000756329
1.20036e-007,0.00252411
1.20236e-007,0.00252411
1.20436e-007,0.00252411
1.20636e-007,0.000756329
1.20836e-007,-0.000127563
1.21036e-007,-0.00101146
1.21236e-007,-0.00101146
1.21436e-007,-0.000127563
1.21636e-007,-0.00101146
1.21836e-007,-0.00101146
1.22036e-007,-0.000127563
1.22236e-007,0.000756329
1.22436e-007,0.00164022
1.22636e-007,0.000756329
1.22836e-007,-0.000127563
1.23036e-007,-0.000127563
1.23236e-007,-0.000127563
1.23436e-007,-0.000127563
1.23636e-007,0.000756329
1.23836e-007,0.000756329
1.24036e-007,0.000756329
1.24236e-007,-0.000127563
1.24436e-007,0.000756329
1.24636e-007,0.000756329
1.24836e-007,0.00252411
1.25036e-007,0.00164022
1.25236e-007,0.000756329
1.25436e-007,0.00252411
1.25636e-007,0.00252411
1.25836e-007,0.000756329
1.26036e-007,0.00252411
1.26236e-007,-0.000127563
1.26436e-007,-0.00101146
1.26636e-007,0.000756329
1.26836e-007,0.000756329
1.27036e-007,0.00164022
1.27236e-007,-0.000127563
1.27436e-007,0.000756329
1.27636e-007,0.00164022
1.27836e-007,0.00164022
1.28036e-007,-0.000127563
1.28236e-007,0.000756329
1.28436e-007,0.00164022
1.28636e-007,0.000756329
1.28836e-007,-0.000127563
1.29036e-007,-0.000127563
1.29236e-007,-0.000127563
1.29436e-007,-0.000127563
1.29636e-007,0.000756329
1.29836e-007,-0.000127563
1.30036e-007,0.00164022
1.30236e-007,-0.000127563
1.30436e-007,-0.00101146
1.30636e-007,-0.00101146
1.30836e-007,0.00164022
1.31036e-007,-0.00101146
1.31236e-007,-0.000127563
1.31436e-007,-0.000127563
1.31636e-007,-0.00101146
1.31836e-007,-0.00101146
1.32036e-007,0.000756329
1.32236e-007,0.000756329
1.32436e-007,-0.00101146
1.32636e-007,0.000756329
1.32836e-007,0.00164022
1.33036e-007,0.00164022
1.33236e-007,0.003408
1.33436e-007,0.00252411
1.33636e-007,0.000756329
1.33836e-007,0.000756329
1.34036e-007,0.000756329
1.34236e-007,0.000756329
1.34436e-007,0.00252411
1.34636e-007,0.000756329
1.34836e-007,-0.000127563
1.35036e-007,0.000756329
1.35236e-007,-0.000127563
1.35436e-007,-0.000127563
1.35636e-007,-0.000127563
1.35836e-007,-0.00101146
1.36036e-007,0.000756329
1.36236e-007,0.00252411
1.36436e-007,0.00252411
1.36636e-007,0.00164022
1.36836e-007,0.00164022
1.37036e-007,-0.000127563
1.37236e-007,-0.000127563
1.37436e-007,-0.00189535
1.37636e-007,-0.000127563
1.37836e-007,-0.00101146
1.38036e-007,-0.00189535
1.38236e-007,-0.00101146
1.38436e-007,-0.00101146
1.38636e-007,-0.00101146
1.38836e-007,-0.00101146
1.39036e-007,-0.00101146
1.39236e-007,-0.000127563
1.39436e-007,0.000756329
1.39636e-007,0.000756329
1.39836e-007,-0.00101146
1.40036e-007,-0.00101146
1.40236e-007,-0.00101146
1.40436e-007,-0.00101146
1.40636e-007,-0.000127563
1.40836e-007,0.000756329
1.41036e-007,0.00164022
1.41236e-007,-0.000127563
1.41436e-007,-0.00101146
1.41636e-007,0.000756329
1.41836e-007,0.000756329
1.42036e-007,0.000756329
1.42236e-007,-0.000127563
1.42436e-007,0.000756329
1.42636e-007,-0.000127563
1.42836e-007,0.00252411
1.43036e-007,0.000756329
1.43236e-007,0.000756329
1.43436e-007,0.00252411
1.43636e-007,-0.000127563
1.43836e-007,0.000756329
1.44036e-007,0.000756329
1.44236e-007,0.000756329
1.44436e-007,0.000756329
1.44636e-007,0.00164022
1.44836e-007,0.000756329
1.45036e-007,0.00252411
1.45236e-007,0.00164022
1.45436e-007,0.000756329
1.45636e-007,-0.000127563
1.45836e-007,0.00164022
1.46036e-007,-0.000127563
1.46236e-007,-0.00101146
1.46436e-007,-0.000127563
1.46636e-007,-0.00101146
1.46836e-007,-0.000127563
1.47036e-007,-0.00189535
1.47236e-007,-0.00101146
1.47436e-007,-0.00101146
1.47636e-007,0.000756329
1.47836e-007,0.000756329
1.48036e-007,0.000756329
1.48236e-007,0.00164022
1.48436e-007,0.000756329
1.48636e-007,-0.000127563
1.48836e-007,0.000756329
1.49036e-007,0.00252411
1.49236e-007,0.000756329
1.49436e-007,-0.00101146
1.49636e-007,-0.000127563
1.49836e-007,0.000756329
1.50036e-007,-0.000127563
1.50236e-007,-0.000127563
1.50436e-007,-0.00101146
1.50636e-007,0.00164022
1.50836e-007,0.00252411
1.51036e-007,0.00164022
1.51236e-007,0.00252411
1.51436e-007,0.00164022
1.51636e-007,-0.00101146
1.51836e-007,0.00164022
1.52036e-007,0.00164022
1.52236e-007,0.000756329
1.52436e-007,0.000756329
1.52636e-007,-0.000127563
1.52836e-007,-0.00189535
1.53036e-007,0.000756329
1.53236e-007,0.000756329
1.53436e-007,0.000756329
1.53636e-007,0.00164022
1.53836e-007,0.00164022
1.54036e-007,0.000756329
1.54236e-007,0.000756329
1.54436e-007,-0.000127563
1.54636e-007,-0.00101146
1.54836e-007,-0.000127563
1.55036e-007,-0.00189535
1.55236e-007,-0.00101146
1.55436e-007,0.000756329
1.55636e-007,-0.000127563
1.55836e-007,0.000756329
1.56036e-007,-0.000127563
1.56236e-007,-0.000127563
1.56436e-007,0.000756329
1.56636e-007,0.00164022
1.56836e-007,0.000756329
1.57036e-007,0.000756329
1.57236e-007,0.00164022
1.57436e-007,0.000756329
1.57636e-007,-0.000127563
1.57836e-007,0.00164022
1.58036e-007,0.000756329
1.58236e-007,-0.000127563
1.58436e-007,-0.000127563
1.58636e-007,0.000756329
1.58836e-007,-0.000127563
1.59036e-007,-0.00101146
1.59236e-007,-0.000127563
1.59436e-007,-0.00189535
1.59636e-007,-0.00101146
1.59836e-007,-0.000127563
1.60036e-007,-0.000127563
1.60236e-007,-0.00101146
1.60436e-007,-0.000127563
1.60636e-007,-0.000127563
1.60836e-007,-0.000127563
1.61036e-007,0.00164022
1.61236e-007,0.00164022
1.61436e-007,0.000756329
1.61636e-007,-0.000127563
1.61836e-007,0.000756329
1.62036e-007,0.000756329
1.62236e-007,-0.000127563
1.62436e-007,-0.00189535
1.62636e-007,-0.00101146
1.62836e-007,-0.000127563
1.63036e-007,-0.000127563
1.63236e-007,-0.000127563
1.63436e-007,-0.000127563
1.63636e-007,-0.00101146
1.63836e-007,-0.000127563
1.64036e-007,-0.00101146
1.64236e-007,-0.00189535
1.64436e-007,-0.000127563
1.64636e-007,0.000756329
1.64836e-007,0.000756329
1.65036e-007,0.00164022
1.65236e-007,0.000756329
1.65436e-007,-0.00101146
1.65636e-007,-0.000127563
1.65836e-007,-0.000127563
1.66036e-007,-0.000127563
1.66236e-007,-0.000127563
1.66436e-007,-0.000127563
1.66636e-007,-0.000127563
1.66836e-007,-0.000127563
1.67036e-007,-0.00101146
1.67236e-007,-0.00277924
1.67436e-007,-0.00189535
1.67636e-007,-0.000127563
1.67836e-007,-0.00101146
1.68036e-007,0.00252411
1.68236e-007,0.00164022
1.68436e-007,-0.00101146
1.68636e-007,0.000756329
1.68836e-007,-0.000127563
1.69036e-007,-0.000127563
1.69236e-007,0.00164022
1.69436e-007,-0.000127563
1.69636e-007,-0.000127563
1.69836e-007,0.00164022
1.70036e-007,0.000756329
1.70236e-007,-0.00101146
1.70436e-007,-0.000127563
1.70636e-007,-0.000127563
1.70836e-007,-0.00101146
1.71036e-007,0.000756329
1.71236e-007,-0.00101146
1.71436e-007,0.000756329
1.71636e-007,0.000756329
1.71836e-007,-0.000127563
1.72036e-007,-0.00101146
1.72236e-007,0.00164022
1.72436e-007,0.00164022
1.72636e-007,0.000756329
1.72836e-007,0.00164022
1.73036e-007,0.00164022
1.73236e-007,-0.000127563
1.73436e-007,0.000756329
1.73636e-007,-0.000127563
1.73836e-007,-0.00101146
1.74036e-007,0.000756329
1.74236e-007,-0.00101146
1.74436e-007,-0.00101146
1.74636e-007,0.000756329
1.74836e-007,-0.000127563
1.75036e-007,-0.00189535
1.75236e-007,-0.00101146
1.75436e-007,0.000756329
1.75636e-007,0.000756329
1.75836e-007,0.00164022
1.76036e-007,-0.000127563
1.76236e-007,-0.00101146
1.76436e-007,-0.000127563
1.76636e-007,-0.00101146
1.76836e-007,-0.00101146
1.77036e-007,-0.00189535
1.77236e-007,-0.00101146
1.77436e-007,-0.00101146
1.77636e-007,0.000756329
1.77836e-007,-0.000127563
1.78036e-007,0.000756329
1.78236e-007,-0.000127563
1.78436e-007,-0.00189535
1.78636e-007,-0.00277924
1.78836e-007,-0.00101146
1.79036e-007,-0.00101146
1.79236e-007,-0.000127563
1.79436e-007,-0.00101146
1.79636e-007,-0.000127563
1.79836e-007,-0.000127563
1.80036e-007,0.000756329
1.80236e-007,-0.00101146
1.80436e-007,-0.000127563
1.80636e-007,0.000756329
1.80836e-007,0.00252411
1.81036e-007,0.00164022
1.81236e-007,0.000756329
1.81436e-007,-0.00189535
1.81636e-007,-0.00277924
1.81836e-007,-0.00101146
1.82036e-007,-0.00101146
1.82236e-007,-0.00101146
1.82436e-007,-0.00101146
1.82636e-007,-0.00101146
1.82836e-007,-0.000127563
1.83036e-007,0.00164022
1.83236e-007,0.000756329
1.83436e-007,-0.000127563
1.83636e-007,-0.00189535
1.83836e-007,-0.00189535
1.84036e-007,-0.000127563
1.84236e-007,0.000756329
1.84436e-007,0.00164022
1.84636e-007,-0.00101146
1.84836e-007,0.000756329
1.85036e-007,0.000756329
1.85236e-007,0.000756329
1.85436e-007,-0.00189535
1.85636e-007,-0.00189535
1.85836e-007,-0.00101146
1.86036e-007,0.000756329
1.86236e-007,0.000756329
1.86436e-007,-0.00189535
1.86636e-007,-0.00101146
1.86836e-007,-0.00189535
1.87036e-007,-0.00189535
1.87236e-007,-0.000127563
1.87436e-007,-0.000127563
1.87636e-007,0.000756329
1.87836e-007,0.000756329
1.88036e-007,-0.000127563
1.88236e-007,-0.00101146
1.88436e-007,0.00164022
1.88636e-007,0.000756329
1.88836e-007,-0.00101146
1.89036e-007,0.000756329
1.89236e-007,0.00164022
1.89436e-007,0.00164022
1.89636e-007,0.000756329
1.89836e-007,-0.00101146
1.90036e-007,-0.00101146
1.90236e-007,0.00164022
1.90436e-007,0.000756329
