LECROYWR6050,144,Waveform
Segments,1,SegmentSize,1002
Segment,TrigTime,TimeSinceSegment1
#1,17-Jan-2002 05:23:38,0                 
Time,Ampl
-9.67414e-009,-0.000498374
-9.47414e-009,-0.0027081
-9.27414e-009,-0.000498374
-9.07414e-009,-0.00491783
-8.87414e-009,-0.0027081
-8.67414e-009,-0.000498374
-8.47414e-009,0.00392109
-8.27414e-009,-0.000498374
-8.07414e-009,-0.0027081
-7.87414e-009,-0.000498374
-7.67414e-009,-0.000498374
-7.47414e-009,-0.0027081
-7.27414e-009,-0.000498374
-7.07414e-009,-0.000498374
-6.87414e-009,-0.000498374
-6.67414e-009,0.00171136
-6.47414e-009,0.00171136
-6.27414e-009,0.00171136
-6.07414e-009,-0.000498374
-5.87414e-009,-0.000498374
-5.67414e-009,-0.0027081
-5.47414e-009,-0.0027081
-5.27414e-009,-0.000498374
-5.07414e-009,0.00171136
-4.87414e-009,0.00171136
-4.67414e-009,-0.000498374
-4.47414e-009,-0.0027081
-4.27414e-009,-0.0027081
-4.07414e-009,-0.000498374
-3.87414e-009,-0.0027081
-3.67414e-009,-0.00491783
-3.47414e-009,0.00392109
-3.27414e-009,0.00171136
-3.07414e-009,0.00171136
-2.87414e-009,-0.0027081
-2.67414e-009,-0.000498374
-2.47414e-009,-0.000498374
-2.27414e-009,-0.0027081
-2.07414e-009,-0.000498374
-1.87414e-009,-0.000498374
-1.67414e-009,-0.000498374
-1.47414e-009,-0.000498374
-1.27414e-009,-0.000498374
-1.07414e-009,-0.00491783
-8.7414e-010,-0.0027081
-6.7414e-010,-0.00491783
-4.7414e-010,-0.000498374
-2.7414e-010,-0.0027081
-7.41399e-011,-0.000498374
1.2586e-010,-0.0027081
3.2586e-010,-0.000498374
5.2586e-010,-0.000498374
7.2586e-010,0.00171136
9.2586e-010,0.00171136
1.12586e-009,-0.000498374
1.32586e-009,-0.0027081
1.52586e-009,0.00171136
1.72586e-009,0.00171136
1.92586e-009,-0.000498374
2.12586e-009,-0.0027081
2.32586e-009,-0.0027081
2.52586e-009,-0.0027081
2.72586e-009,-0.000498374
2.92586e-009,-0.000498374
3.12586e-009,-0.0027081
3.32586e-009,-0.000498374
3.52586e-009,0.00171136
3.72586e-009,0.00171136
3.92586e-009,0.00171136
4.12586e-009,0.00171136
4.32586e-009,-0.000498374
4.52586e-009,-0.0027081
4.72586e-009,-0.0027081
4.92586e-009,-0.000498374
5.12586e-009,-0.000498374
5.32586e-009,0.00171136
5.52586e-009,-0.0027081
5.72586e-009,-0.000498374
5.92586e-009,-0.0027081
6.12586e-009,-0.000498374
6.32586e-009,-0.0027081
6.52586e-009,-0.000498374
6.72586e-009,-0.0027081
6.92586e-009,-0.0027081
7.12586e-009,0.00171136
7.32586e-009,-0.0027081
7.52586e-009,-0.000498374
7.72586e-009,-0.00491783
7.92586e-009,-0.000498374
8.12586e-009,-0.000498374
8.32586e-009,-0.000498374
8.52586e-009,-0.0027081
8.72586e-009,-0.0027081
8.92586e-009,0.00392109
9.12586e-009,0.00171136
9.32586e-009,0.00171136
9.52586e-009,0.00392109
9.72586e-009,0.00171136
9.92586e-009,-0.000498374
1.01259e-008,0.00171136
1.03259e-008,-0.000498374
1.05259e-008,0.00171136
1.07259e-008,-0.000498374
1.09259e-008,0.00171136
1.11259e-008,0.00171136
1.13259e-008,0.00171136
1.15259e-008,0.00171136
1.17259e-008,-0.000498374
1.19259e-008,-0.000498374
1.21259e-008,0.00171136
1.23259e-008,-0.000498374
1.25259e-008,0.00171136
1.27259e-008,0.00171136
1.29259e-008,-0.0027081
1.31259e-008,0.00171136
1.33259e-008,0.00171136
1.35259e-008,-0.0027081
1.37259e-008,0.00171136
1.39259e-008,-0.000498374
1.41259e-008,0.00613082
1.43259e-008,0.00392109
1.45259e-008,-0.000498374
1.47259e-008,0.00392109
1.49259e-008,-0.00491783
1.51259e-008,-0.000498374
1.53259e-008,-0.0027081
1.55259e-008,-0.0027081
1.57259e-008,-0.0027081
1.59259e-008,-0.000498374
1.61259e-008,-0.0027081
1.63259e-008,-0.000498374
1.65259e-008,0.00171136
1.67259e-008,-0.00491783
1.69259e-008,-0.000498374
1.71259e-008,-0.0027081
1.73259e-008,0.00392109
1.75259e-008,-0.000498374
1.77259e-008,-0.000498374
1.79259e-008,-0.000498374
1.81259e-008,0.00171136
1.83259e-008,-0.000498374
1.85259e-008,-0.000498374
1.87259e-008,-0.000498374
1.89259e-008,-0.000498374
1.91259e-008,0.00171136
1.93259e-008,-0.000498374
1.95259e-008,-0.000498374
1.97259e-008,-0.000498374
1.99259e-008,-0.0027081
2.01259e-008,-0.000498374
2.03259e-008,-0.000498374
2.05259e-008,-0.0027081
2.07259e-008,0.00171136
2.09259e-008,-0.0027081
2.11259e-008,-0.0027081
2.13259e-008,-0.0027081
2.15259e-008,-0.0027081
2.17259e-008,-0.000498374
2.19259e-008,0.00392109
2.21259e-008,-0.000498374
2.23259e-008,-0.000498374
2.25259e-008,-0.000498374
2.27259e-008,-0.000498374
2.29259e-008,-0.0027081
2.31259e-008,-0.000498374
2.33259e-008,-0.000498374
2.35259e-008,-0.000498374
2.37259e-008,-0.0027081
2.39259e-008,-0.0027081
2.41259e-008,-0.000498374
2.43259e-008,-0.0027081
2.45259e-008,-0.0027081
2.47259e-008,-0.0027081
2.49259e-008,0.00171136
2.51259e-008,-0.000498374
2.53259e-008,0.00171136
2.55259e-008,-0.000498374
2.57259e-008,0.00171136
2.59259e-008,-0.0027081
2.61259e-008,-0.000498374
2.63259e-008,0.00171136
2.65259e-008,-0.000498374
2.67259e-008,-0.000498374
2.69259e-008,-0.000498374
2.71259e-008,-0.0027081
2.73259e-008,-0.000498374
2.75259e-008,-0.0027081
2.77259e-008,-0.00491783
2.79259e-008,-0.000498374
2.81259e-008,-0.0027081
2.83259e-008,0.00171136
2.85259e-008,0.00171136
2.87259e-008,0.00392109
2.89259e-008,0.00171136
2.91259e-008,-0.000498374
2.93259e-008,-0.000498374
2.95259e-008,-0.000498374
2.97259e-008,-0.000498374
2.99259e-008,-0.000498374
3.01259e-008,-0.000498374
3.03259e-008,-0.0027081
3.05259e-008,-0.000498374
3.07259e-008,-0.00491783
3.09259e-008,-0.0027081
3.11259e-008,0.00171136
3.13259e-008,-0.0027081
3.15259e-008,-0.000498374
3.17259e-008,-0.000498374
3.19259e-008,-0.0027081
3.21259e-008,-0.000498374
3.23259e-008,-0.0027081
3.25259e-008,-0.000498374
3.27259e-008,-0.000498374
3.29259e-008,-0.00491783
3.31259e-008,0.00171136
3.33259e-008,-0.000498374
3.35259e-008,0.00171136
3.37259e-008,-0.000498374
3.39259e-008,-0.000498374
3.41259e-008,0.00171136
3.43259e-008,-0.00491783
3.45259e-008,-0.0027081
3.47259e-008,-0.000498374
3.49259e-008,-0.000498374
3.51259e-008,-0.000498374
3.53259e-008,0.00171136
3.55259e-008,0.00171136
3.57259e-008,-0.0027081
3.59259e-008,-0.000498374
3.61259e-008,-0.000498374
3.63259e-008,-0.000498374
3.65259e-008,-0.0027081
3.67259e-008,0.00171136
3.69259e-008,-0.000498374
3.71259e-008,-0.000498374
3.73259e-008,-0.000498374
3.75259e-008,0.00171136
3.77259e-008,0.00392109
3.79259e-008,0.00171136
3.81259e-008,0.00171136
3.83259e-008,-0.000498374
3.85259e-008,-0.0027081
3.87259e-008,-0.000498374
3.89259e-008,-0.000498374
3.91259e-008,-0.000498374
3.93259e-008,-0.000498374
3.95259e-008,-0.000498374
3.97259e-008,-0.000498374
3.99259e-008,0.00171136
4.01259e-008,-0.000498374
4.03259e-008,-0.0027081
4.05259e-008,-0.0027081
4.07259e-008,-0.000498374
4.09259e-008,0.00171136
4.11259e-008,0.00392109
4.13259e-008,0.00392109
4.15259e-008,0.00171136
4.17259e-008,0.00392109
4.19259e-008,-0.0027081
4.21259e-008,-0.000498374
4.23259e-008,-0.000498374
4.25259e-008,0.00171136
4.27259e-008,-0.000498374
4.29259e-008,-0.000498374
4.31259e-008,0.00171136
4.33259e-008,0.00171136
4.35259e-008,-0.000498374
4.37259e-008,-0.000498374
4.39259e-008,0.00171136
4.41259e-008,0.00171136
4.43259e-008,-0.0027081
4.45259e-008,0.00392109
4.47259e-008,0.00392109
4.49259e-008,0.00392109
4.51259e-008,0.00171136
4.53259e-008,-0.000498374
4.55259e-008,-0.00491783
4.57259e-008,-0.00712756
4.59259e-008,-0.0027081
4.61259e-008,0.00392109
4.63259e-008,-0.0027081
4.65259e-008,-0.0027081
4.67259e-008,-0.0027081
4.69259e-008,-0.00712756
4.71259e-008,-0.0027081
4.73259e-008,-0.000498374
4.75259e-008,0.00171136
4.77259e-008,-0.000498374
4.79259e-008,-0.0027081
4.81259e-008,0.00171136
4.83259e-008,-0.000498374
4.85259e-008,-0.000498374
4.87259e-008,-0.000498374
4.89259e-008,-0.000498374
4.91259e-008,-0.000498374
4.93259e-008,-0.000498374
4.95259e-008,-0.000498374
4.97259e-008,0.00392109
4.99259e-008,0.00834055
5.01259e-008,0.00171136
5.03259e-008,-0.000498374
5.05259e-008,-0.000498374
5.07259e-008,-0.0027081
5.09259e-008,-0.000498374
5.11259e-008,-0.000498374
5.13259e-008,-0.000498374
5.15259e-008,-0.000498374
5.17259e-008,0.00171136
5.19259e-008,-0.000498374
5.21259e-008,0.00171136
5.23259e-008,0.00613082
5.25259e-008,-0.000498374
5.27259e-008,0.00171136
5.29259e-008,-0.000498374
5.31259e-008,-0.000498374
5.33259e-008,-0.000498374
5.35259e-008,-0.000498374
5.37259e-008,-0.000498374
5.39259e-008,-0.000498374
5.41259e-008,0.00171136
5.43259e-008,-0.000498374
5.45259e-008,0.00171136
5.47259e-008,0.00171136
5.49259e-008,-0.000498374
5.51259e-008,-0.00491783
5.53259e-008,-0.0027081
5.55259e-008,-0.000498374
5.57259e-008,-0.00491783
5.59259e-008,-0.00491783
5.61259e-008,-0.0027081
5.63259e-008,-0.0027081
5.65259e-008,0.00171136
5.67259e-008,-0.000498374
5.69259e-008,-0.000498374
5.71259e-008,-0.000498374
5.73259e-008,-0.000498374
5.75259e-008,-0.000498374
5.77259e-008,-0.0027081
5.79259e-008,-0.0027081
5.81259e-008,-0.00491783
5.83259e-008,0.00171136
5.85259e-008,0.00392109
5.87259e-008,0.00171136
5.89259e-008,-0.000498374
5.91259e-008,-0.000498374
5.93259e-008,-0.000498374
5.95259e-008,-0.0027081
5.97259e-008,-0.000498374
5.99259e-008,-0.000498374
6.01259e-008,-0.000498374
6.03259e-008,-0.0027081
6.05259e-008,-0.000498374
6.07259e-008,0.00171136
6.09259e-008,0.00392109
6.11259e-008,0.00392109
6.13259e-008,0.00171136
6.15259e-008,0.00392109
6.17259e-008,0.00392109
6.19259e-008,0.00392109
6.21259e-008,0.00171136
6.23259e-008,0.00392109
6.25259e-008,-0.000498374
6.27259e-008,-0.00491783
6.29259e-008,-0.000498374
6.31259e-008,-0.0027081
6.33259e-008,-0.000498374
6.35259e-008,0.00171136
6.37259e-008,-0.000498374
6.39259e-008,0.00171136
6.41259e-008,0.00171136
6.43259e-008,-0.000498374
6.45259e-008,-0.000498374
6.47259e-008,0.00171136
6.49259e-008,-0.000498374
6.51259e-008,-0.000498374
6.53259e-008,-0.000498374
6.55259e-008,0.00171136
6.57259e-008,-0.000498374
6.59259e-008,0.00171136
6.61259e-008,0.00171136
6.63259e-008,-0.000498374
6.65259e-008,-0.0027081
6.67259e-008,0.00171136
6.69259e-008,-0.000498374
6.71259e-008,-0.0027081
6.73259e-008,-0.00491783
6.75259e-008,-0.0027081
6.77259e-008,-0.0027081
6.79259e-008,-0.00491783
6.81259e-008,-0.0027081
6.83259e-008,-0.000498374
6.85259e-008,-0.000498374
6.87259e-008,-0.0027081
6.89259e-008,0.00171136
6.91259e-008,0.00392109
6.93259e-008,0.00613082
6.95259e-008,0.00392109
6.97259e-008,0.00171136
6.99259e-008,-0.000498374
7.01259e-008,-0.000498374
7.03259e-008,-0.0027081
7.05259e-008,-0.0027081
7.07259e-008,-0.0027081
7.09259e-008,-0.0027081
7.11259e-008,-0.000498374
7.13259e-008,-0.00491783
7.15259e-008,-0.000498374
7.17259e-008,-0.000498374
7.19259e-008,0.00171136
7.21259e-008,0.00171136
7.23259e-008,0.00171136
7.25259e-008,0.00392109
7.27259e-008,0.00613082
7.29259e-008,-0.000498374
7.31259e-008,-0.0027081
7.33259e-008,-0.0027081
7.35259e-008,-0.00491783
7.37259e-008,0.00171136
7.39259e-008,-0.0027081
7.41259e-008,-0.000498374
7.43259e-008,0.00171136
7.45259e-008,-0.000498374
7.47259e-008,-0.000498374
7.49259e-008,-0.000498374
7.51259e-008,-0.000498374
7.53259e-008,-0.000498374
7.55259e-008,-0.000498374
7.57259e-008,-0.0027081
7.59259e-008,-0.00491783
7.61259e-008,-0.00712756
7.63259e-008,-0.00491783
7.65259e-008,-0.0027081
7.67259e-008,0.00171136
7.69259e-008,-0.000498374
7.71259e-008,0.00171136
7.73259e-008,0.00171136
7.75259e-008,0.00392109
7.77259e-008,0.00171136
7.79259e-008,0.00171136
7.81259e-008,0.00171136
7.83259e-008,-0.000498374
7.85259e-008,-0.0027081
7.87259e-008,-0.0027081
7.89259e-008,-0.00933729
7.91259e-008,-0.00712756
7.93259e-008,-0.00712756
7.95259e-008,-0.000498374
7.97259e-008,-0.000498374
7.99259e-008,0.00392109
8.01259e-008,0.00171136
8.03259e-008,-0.0027081
8.05259e-008,0.00392109
8.07259e-008,0.00171136
8.09259e-008,-0.000498374
8.11259e-008,0.00171136
8.13259e-008,0.00171136
8.15259e-008,-0.000498374
8.17259e-008,-0.000498374
8.19259e-008,-0.000498374
8.21259e-008,-0.0027081
8.23259e-008,-0.00491783
8.25259e-008,-0.0027081
8.27259e-008,-0.000498374
8.29259e-008,-0.000498374
8.31259e-008,-0.0027081
8.33259e-008,-0.000498374
8.35259e-008,-0.0027081
8.37259e-008,0.00171136
8.39259e-008,0.00392109
8.41259e-008,0.00171136
8.43259e-008,-0.000498374
8.45259e-008,-0.000498374
8.47259e-008,-0.0027081
8.49259e-008,-0.000498374
8.51259e-008,-0.00491783
8.53259e-008,-0.000498374
8.55259e-008,0.00171136
8.57259e-008,0.00171136
8.59259e-008,0.00171136
8.61259e-008,0.00171136
8.63259e-008,0.00171136
8.65259e-008,0.00171136
8.67259e-008,-0.0027081
8.69259e-008,-0.00491783
8.71259e-008,-0.0027081
8.73259e-008,-0.0027081
8.75259e-008,-0.000498374
8.77259e-008,-0.00712756
8.79259e-008,-0.00491783
8.81259e-008,-0.00491783
8.83259e-008,-0.000498374
8.85259e-008,0.00171136
8.87259e-008,0.00171136
8.89259e-008,0.00171136
8.91259e-008,0.00613082
8.93259e-008,0.00171136
8.95259e-008,0.00171136
8.97259e-008,-0.000498374
8.99259e-008,-0.000498374
9.01259e-008,-0.0027081
9.03259e-008,-0.0027081
9.05259e-008,0.00171136
9.07259e-008,-0.000498374
9.09259e-008,0.00171136
9.11259e-008,0.00171136
9.13259e-008,0.00171136
9.15259e-008,-0.0027081
9.17259e-008,-0.00491783
9.19259e-008,-0.00491783
9.21259e-008,-0.00491783
9.23259e-008,-0.00491783
9.25259e-008,-0.0027081
9.27259e-008,-0.000498374
9.29259e-008,-0.000498374
9.31259e-008,0.00171136
9.33259e-008,-0.000498374
9.35259e-008,0.00171136
9.37259e-008,-0.0027081
9.39259e-008,-0.0027081
9.41259e-008,-0.000498374
9.43259e-008,-0.0027081
9.45259e-008,-0.000498374
9.47259e-008,0.00171136
9.49259e-008,-0.0027081
9.51259e-008,-0.000498374
9.53259e-008,0.00171136
9.55259e-008,-0.0027081
9.57259e-008,-0.000498374
9.59259e-008,-0.000498374
9.61259e-008,-0.0027081
9.63259e-008,0.00171136
9.65259e-008,0.00171136
9.67259e-008,-0.0027081
9.69259e-008,0.00171136
9.71259e-008,-0.0027081
9.73259e-008,-0.000498374
9.75259e-008,0.00171136
9.77259e-008,0.00171136
9.79259e-008,0.00392109
9.81259e-008,0.00171136
9.83259e-008,-0.00491783
9.85259e-008,-0.0027081
9.87259e-008,0.00171136
9.89259e-008,-0.0027081
9.91259e-008,0.00392109
9.93259e-008,0.00613082
9.95259e-008,0.00392109
9.97259e-008,0.00392109
9.99259e-008,-0.000498374
1.00126e-007,-0.0027081
1.00326e-007,0.00171136
1.00526e-007,0.00171136
1.00726e-007,0.00171136
1.00926e-007,-0.000498374
1.01126e-007,-0.000498374
1.01326e-007,-0.0027081
1.01526e-007,-0.000498374
1.01726e-007,-0.000498374
1.01926e-007,-0.0027081
1.02126e-007,-0.00491783
1.02326e-007,-0.0027081
1.02526e-007,-0.00491783
1.02726e-007,-0.000498374
1.02926e-007,-0.00491783
1.03126e-007,-0.000498374
1.03326e-007,-0.00491783
1.03526e-007,0.00171136
1.03726e-007,-0.000498374
1.03926e-007,-0.0027081
1.04126e-007,-0.0027081
1.04326e-007,-0.000498374
1.04526e-007,0.00171136
1.04726e-007,-0.0027081
1.04926e-007,0.00171136
1.05126e-007,0.00171136
1.05326e-007,-0.000498374
1.05526e-007,0.00171136
1.05726e-007,0.00392109
1.05926e-007,0.00171136
1.06126e-007,-0.000498374
1.06326e-007,-0.000498374
1.06526e-007,-0.000498374
1.06726e-007,-0.0027081
1.06926e-007,-0.0027081
1.07126e-007,-0.0027081
1.07326e-007,-0.000498374
1.07526e-007,-0.0027081
1.07726e-007,-0.000498374
1.07926e-007,0.00171136
1.08126e-007,0.00171136
1.08326e-007,-0.000498374
1.08526e-007,0.00171136
1.08726e-007,-0.00491783
1.08926e-007,-0.000498374
1.09126e-007,0.00171136
1.09326e-007,0.00171136
1.09526e-007,-0.0027081
1.09726e-007,-0.000498374
1.09926e-007,-0.0027081
1.10126e-007,-0.000498374
1.10326e-007,-0.0027081
1.10526e-007,-0.0027081
1.10726e-007,-0.0027081
1.10926e-007,-0.0027081
1.11126e-007,-0.00491783
1.11326e-007,-0.0027081
1.11526e-007,-0.00712756
1.11726e-007,-0.0027081
1.11926e-007,-0.000498374
1.12126e-007,-0.0027081
1.12326e-007,0.00171136
1.12526e-007,-0.000498374
1.12726e-007,-0.0027081
1.12926e-007,-0.0027081
1.13126e-007,-0.000498374
1.13326e-007,-0.0027081
1.13526e-007,-0.000498374
1.13726e-007,-0.000498374
1.13926e-007,0.00392109
1.14126e-007,-0.000498374
1.14326e-007,-0.000498374
1.14526e-007,-0.000498374
1.14726e-007,-0.000498374
1.14926e-007,-0.000498374
1.15126e-007,-0.000498374
1.15326e-007,-0.0027081
1.15526e-007,-0.0027081
1.15726e-007,-0.00491783
1.15926e-007,-0.0027081
1.16126e-007,-0.0027081
1.16326e-007,-0.000498374
1.16526e-007,-0.0027081
1.16726e-007,0.00171136
1.16926e-007,0.00392109
1.17126e-007,0.00171136
1.17326e-007,0.00392109
1.17526e-007,0.00171136
1.17726e-007,-0.00491783
1.17926e-007,-0.000498374
1.18126e-007,-0.0027081
1.18326e-007,-0.000498374
1.18526e-007,-0.000498374
1.18726e-007,-0.0027081
1.18926e-007,-0.000498374
1.19126e-007,-0.0027081
1.19326e-007,-0.0027081
1.19526e-007,0.00171136
1.19726e-007,0.00171136
1.19926e-007,-0.0027081
1.20126e-007,-0.00491783
1.20326e-007,0.00392109
1.20526e-007,0.00392109
1.20726e-007,-0.000498374
1.20926e-007,-0.000498374
1.21126e-007,-0.0027081
1.21326e-007,-0.000498374
1.21526e-007,-0.000498374
1.21726e-007,0.00171136
1.21926e-007,-0.000498374
1.22126e-007,-0.000498374
1.22326e-007,-0.000498374
1.22526e-007,0.00392109
1.22726e-007,0.00171136
1.22926e-007,-0.0027081
1.23126e-007,-0.0027081
1.23326e-007,-0.000498374
1.23526e-007,-0.0027081
1.23726e-007,-0.0027081
1.23926e-007,0.00171136
1.24126e-007,0.00171136
1.24326e-007,-0.000498374
1.24526e-007,-0.0027081
1.24726e-007,-0.000498374
1.24926e-007,-0.000498374
1.25126e-007,-0.000498374
1.25326e-007,-0.0027081
1.25526e-007,0.00171136
1.25726e-007,0.00392109
1.25926e-007,-0.000498374
1.26126e-007,0.00392109
1.26326e-007,0.00171136
1.26526e-007,-0.0027081
1.26726e-007,-0.000498374
1.26926e-007,-0.000498374
1.27126e-007,-0.000498374
1.27326e-007,-0.0027081
1.27526e-007,-0.000498374
1.27726e-007,-0.0027081
1.27926e-007,-0.000498374
1.28126e-007,-0.0027081
1.28326e-007,-0.00491783
1.28526e-007,-0.000498374
1.28726e-007,-0.000498374
1.28926e-007,-0.000498374
1.29126e-007,-0.000498374
1.29326e-007,0.00171136
1.29526e-007,-0.000498374
1.29726e-007,-0.000498374
1.29926e-007,0.00171136
1.30126e-007,0.00171136
1.30326e-007,-0.00491783
1.30526e-007,-0.0027081
1.30726e-007,-0.000498374
1.30926e-007,0.00171136
1.31126e-007,-0.000498374
1.31326e-007,0.00171136
1.31526e-007,-0.000498374
1.31726e-007,-0.0027081
1.31926e-007,-0.0027081
1.32126e-007,-0.000498374
1.32326e-007,-0.000498374
1.32526e-007,-0.0027081
1.32726e-007,-0.000498374
1.32926e-007,-0.0027081
1.33126e-007,-0.000498374
1.33326e-007,-0.0027081
1.33526e-007,-0.00491783
1.33726e-007,-0.0027081
1.33926e-007,0.00171136
1.34126e-007,-0.000498374
1.34326e-007,-0.000498374
1.34526e-007,-0.000498374
1.34726e-007,-0.000498374
1.34926e-007,-0.000498374
1.35126e-007,-0.0027081
1.35326e-007,-0.00491783
1.35526e-007,-0.00491783
1.35726e-007,-0.000498374
1.35926e-007,0.00171136
1.36126e-007,-0.0027081
1.36326e-007,0.00171136
1.36526e-007,0.00171136
1.36726e-007,-0.000498374
1.36926e-007,-0.000498374
1.37126e-007,-0.000498374
1.37326e-007,-0.0027081
1.37526e-007,0.00171136
1.37726e-007,-0.000498374
1.37926e-007,-0.0027081
1.38126e-007,-0.000498374
1.38326e-007,-0.000498374
1.38526e-007,-0.000498374
1.38726e-007,0.00171136
1.38926e-007,-0.000498374
1.39126e-007,-0.000498374
1.39326e-007,-0.000498374
1.39526e-007,0.00392109
1.39726e-007,0.00171136
1.39926e-007,-0.000498374
1.40126e-007,0.00171136
1.40326e-007,-0.0027081
1.40526e-007,-0.000498374
1.40726e-007,0.00171136
1.40926e-007,0.00171136
1.41126e-007,-0.0027081
1.41326e-007,-0.0027081
1.41526e-007,0.00171136
1.41726e-007,-0.000498374
1.41926e-007,-0.000498374
1.42126e-007,-0.000498374
1.42326e-007,-0.000498374
1.42526e-007,0.00171136
1.42726e-007,0.00171136
1.42926e-007,-0.00491783
1.43126e-007,-0.000498374
1.43326e-007,-0.000498374
1.43526e-007,-0.000498374
1.43726e-007,-0.000498374
1.43926e-007,-0.000498374
1.44126e-007,0.00171136
1.44326e-007,-0.00491783
1.44526e-007,-0.00491783
1.44726e-007,-0.000498374
1.44926e-007,-0.000498374
1.45126e-007,0.00171136
1.45326e-007,-0.000498374
1.45526e-007,-0.000498374
1.45726e-007,0.00171136
1.45926e-007,0.00171136
1.46126e-007,-0.000498374
1.46326e-007,-0.00491783
1.46526e-007,-0.0027081
1.46726e-007,-0.0027081
1.46926e-007,0.00171136
1.47126e-007,0.00171136
1.47326e-007,0.00171136
1.47526e-007,-0.0027081
1.47726e-007,0.00171136
1.47926e-007,0.00171136
1.48126e-007,0.00392109
1.48326e-007,0.00171136
1.48526e-007,0.00171136
1.48726e-007,0.00171136
1.48926e-007,-0.000498374
1.49126e-007,-0.000498374
1.49326e-007,-0.000498374
1.49526e-007,-0.0027081
1.49726e-007,-0.000498374
1.49926e-007,0.00171136
1.50126e-007,-0.0027081
1.50326e-007,-0.0027081
1.50526e-007,-0.000498374
1.50726e-007,-0.0027081
1.50926e-007,-0.0027081
1.51126e-007,-0.000498374
1.51326e-007,-0.00712756
1.51526e-007,0.00392109
1.51726e-007,-0.0027081
1.51926e-007,-0.0027081
1.52126e-007,-0.000498374
1.52326e-007,-0.000498374
1.52526e-007,-0.000498374
1.52726e-007,0.00171136
1.52926e-007,-0.0027081
1.53126e-007,-0.000498374
1.53326e-007,0.00171136
1.53526e-007,0.00171136
1.53726e-007,0.00392109
1.53926e-007,-0.000498374
1.54126e-007,-0.000498374
1.54326e-007,-0.000498374
1.54526e-007,-0.00491783
1.54726e-007,-0.000498374
1.54926e-007,-0.0027081
1.55126e-007,-0.000498374
1.55326e-007,0.00392109
1.55526e-007,0.00171136
1.55726e-007,-0.0027081
1.55926e-007,-0.000498374
1.56126e-007,-0.000498374
1.56326e-007,-0.0027081
1.56526e-007,-0.000498374
1.56726e-007,-0.000498374
1.56926e-007,-0.0027081
1.57126e-007,0.00171136
1.57326e-007,-0.000498374
1.57526e-007,-0.0027081
1.57726e-007,-0.000498374
1.57926e-007,-0.0027081
1.58126e-007,-0.000498374
1.58326e-007,-0.0027081
1.58526e-007,-0.0027081
1.58726e-007,-0.000498374
1.58926e-007,-0.0027081
1.59126e-007,-0.0027081
1.59326e-007,-0.0027081
1.59526e-007,-0.0027081
1.59726e-007,-0.000498374
1.59926e-007,-0.000498374
1.60126e-007,0.00171136
1.60326e-007,-0.000498374
1.60526e-007,-0.000498374
1.60726e-007,0.00392109
1.60926e-007,-0.000498374
1.61126e-007,-0.000498374
1.61326e-007,0.00171136
1.61526e-007,0.00171136
1.61726e-007,0.00392109
1.61926e-007,0.00392109
1.62126e-007,0.00392109
1.62326e-007,0.00392109
1.62526e-007,-0.00491783
1.62726e-007,-0.000498374
1.62926e-007,-0.000498374
1.63126e-007,-0.000498374
1.63326e-007,-0.0027081
1.63526e-007,-0.000498374
1.63726e-007,-0.000498374
1.63926e-007,-0.0027081
1.64126e-007,0.00171136
1.64326e-007,-0.000498374
1.64526e-007,-0.0027081
1.64726e-007,0.00171136
1.64926e-007,-0.0027081
1.65126e-007,-0.000498374
1.65326e-007,-0.000498374
1.65526e-007,-0.000498374
1.65726e-007,0.00171136
1.65926e-007,0.00171136
1.66126e-007,-0.000498374
1.66326e-007,0.00171136
1.66526e-007,-0.00491783
1.66726e-007,-0.0027081
1.66926e-007,-0.0027081
1.67126e-007,-0.0027081
1.67326e-007,-0.0027081
1.67526e-007,-0.0027081
1.67726e-007,-0.0027081
1.67926e-007,-0.0027081
1.68126e-007,-0.0027081
1.68326e-007,-0.000498374
1.68526e-007,-0.0027081
1.68726e-007,0.00171136
1.68926e-007,-0.000498374
1.69126e-007,-0.000498374
1.69326e-007,0.00171136
1.69526e-007,0.00392109
1.69726e-007,0.00171136
1.69926e-007,-0.000498374
1.70126e-007,0.00171136
1.70326e-007,-0.000498374
1.70526e-007,-0.000498374
1.70726e-007,-0.0027081
1.70926e-007,-0.0027081
1.71126e-007,-0.000498374
1.71326e-007,0.00171136
1.71526e-007,0.00171136
1.71726e-007,-0.0027081
1.71926e-007,-0.000498374
1.72126e-007,0.00171136
1.72326e-007,-0.00491783
1.72526e-007,-0.0027081
1.72726e-007,0.00171136
1.72926e-007,0.00171136
1.73126e-007,0.00171136
1.73326e-007,-0.0027081
1.73526e-007,0.00171136
1.73726e-007,0.00171136
1.73926e-007,0.00171136
1.74126e-007,-0.0027081
1.74326e-007,-0.0027081
1.74526e-007,0.00171136
1.74726e-007,-0.0027081
1.74926e-007,-0.0027081
1.75126e-007,-0.000498374
1.75326e-007,-0.0027081
1.75526e-007,0.00171136
1.75726e-007,-0.0027081
1.75926e-007,-0.000498374
1.76126e-007,0.00171136
1.76326e-007,-0.000498374
1.76526e-007,-0.0027081
1.76726e-007,-0.000498374
1.76926e-007,-0.00491783
1.77126e-007,-0.0027081
1.77326e-007,-0.0027081
1.77526e-007,0.00171136
1.77726e-007,-0.0027081
1.77926e-007,-0.000498374
1.78126e-007,-0.000498374
1.78326e-007,0.00171136
1.78526e-007,-0.0027081
1.78726e-007,-0.0027081
1.78926e-007,-0.0027081
1.79126e-007,-0.0027081
1.79326e-007,-0.0027081
1.79526e-007,-0.0027081
1.79726e-007,0.00171136
1.79926e-007,0.00392109
1.80126e-007,-0.0027081
1.80326e-007,-0.0027081
1.80526e-007,-0.000498374
1.80726e-007,0.00171136
1.80926e-007,-0.0027081
1.81126e-007,-0.0027081
1.81326e-007,0.00171136
1.81526e-007,-0.0027081
1.81726e-007,-0.000498374
1.81926e-007,0.00171136
1.82126e-007,0.00171136
1.82326e-007,0.00171136
1.82526e-007,0.00392109
1.82726e-007,0.00613082
1.82926e-007,0.00171136
1.83126e-007,-0.00491783
1.83326e-007,-0.000498374
1.83526e-007,-0.000498374
1.83726e-007,-0.0027081
1.83926e-007,0.00171136
1.84126e-007,-0.000498374
1.84326e-007,0.00171136
1.84526e-007,-0.00491783
1.84726e-007,-0.000498374
1.84926e-007,-0.000498374
1.85126e-007,-0.000498374
1.85326e-007,-0.0027081
1.85526e-007,-0.000498374
1.85726e-007,-0.000498374
1.85926e-007,-0.000498374
1.86126e-007,-0.0027081
1.86326e-007,-0.000498374
1.86526e-007,0.00171136
1.86726e-007,0.00171136
1.86926e-007,-0.00491783
1.87126e-007,-0.000498374
1.87326e-007,-0.000498374
1.87526e-007,-0.000498374
1.87726e-007,-0.0027081
1.87926e-007,-0.0027081
1.88126e-007,-0.00491783
1.88326e-007,-0.00712756
1.88526e-007,-0.00491783
1.88726e-007,0.00171136
1.88926e-007,-0.0027081
1.89126e-007,0.00171136
1.89326e-007,-0.000498374
1.89526e-007,-0.000498374
1.89726e-007,-0.000498374
1.89926e-007,-0.000498374
1.90126e-007,-0.0027081
1.90326e-007,-0.000498374
1.90526e-007,-0.000498374
