LECROYWR6050,144,Waveform
Segments,1,SegmentSize,1002
Segment,TrigTime,TimeSinceSegment1
#1,18-Jan-2002 23:36:19,0                 
Time,Ampl
-9.70377e-009,-0.000127563
-9.50377e-009,-0.000127563
-9.30377e-009,0.000756329
-9.10377e-009,0.000756329
-8.90377e-009,0.00164022
-8.70377e-009,0.00164022
-8.50377e-009,-0.000127563
-8.30377e-009,-0.000127563
-8.10377e-009,-0.000127563
-7.90377e-009,-0.00277924
-7.70377e-009,-0.00101146
-7.50377e-009,0.00164022
-7.30377e-009,0.000756329
-7.10377e-009,-0.00101146
-6.90377e-009,-0.00101146
-6.70377e-009,-0.000127563
-6.50377e-009,-0.000127563
-6.30377e-009,0.00164022
-6.10377e-009,-0.000127563
-5.90377e-009,-0.000127563
-5.70377e-009,0.00252411
-5.50377e-009,-0.00101146
-5.30377e-009,-0.000127563
-5.10377e-009,-0.00189535
-4.90377e-009,-0.00189535
-4.70377e-009,-0.00189535
-4.50377e-009,0.000756329
-4.30377e-009,0.00164022
-4.10377e-009,0.00164022
-3.90377e-009,0.00252411
-3.70377e-009,0.000756329
-3.50377e-009,-0.00101146
-3.30377e-009,-0.000127563
-3.10377e-009,-0.000127563
-2.90377e-009,-0.00101146
-2.70377e-009,-0.00101146
-2.50377e-009,0.00164022
-2.30377e-009,-0.000127563
-2.10377e-009,0.00164022
-1.90377e-009,0.000756329
-1.70377e-009,0.00164022
-1.50377e-009,0.000756329
-1.30377e-009,-0.000127563
-1.10377e-009,-0.000127563
-9.03769e-010,0.000756329
-7.03769e-010,-0.00101146
-5.03769e-010,-0.00101146
-3.03769e-010,-0.00189535
-1.03769e-010,-0.00101146
9.62312e-011,-0.00277924
2.96231e-010,-0.00101146
4.96231e-010,-0.00189535
6.96231e-010,0.000756329
8.96231e-010,0.00164022
1.09623e-009,0.000756329
1.29623e-009,0.000756329
1.49623e-009,0.00252411
1.69623e-009,0.00252411
1.89623e-009,0.000756329
2.09623e-009,-0.00101146
2.29623e-009,-0.000127563
2.49623e-009,-0.00101146
2.69623e-009,-0.00101146
2.89623e-009,-0.000127563
3.09623e-009,-0.00277924
3.29623e-009,-0.000127563
3.49623e-009,0.000756329
3.69623e-009,-0.00101146
3.89623e-009,-0.000127563
4.09623e-009,0.000756329
4.29623e-009,0.00164022
4.49623e-009,0.00164022
4.69623e-009,0.000756329
4.89623e-009,0.000756329
5.09623e-009,0.00164022
5.29623e-009,-0.00101146
5.49623e-009,-0.00189535
5.69623e-009,-0.000127563
5.89623e-009,-0.00101146
6.09623e-009,0.000756329
6.29623e-009,0.000756329
6.49623e-009,0.000756329
6.69623e-009,0.000756329
6.89623e-009,0.000756329
7.09623e-009,-0.000127563
7.29623e-009,-0.00101146
7.49623e-009,-0.00189535
7.69623e-009,-0.00101146
7.89623e-009,-0.00189535
8.09623e-009,0.00252411
8.29623e-009,0.000756329
8.49623e-009,-0.00101146
8.69623e-009,0.000756329
8.89623e-009,0.000756329
9.09623e-009,-0.000127563
9.29623e-009,0.000756329
9.49623e-009,0.003408
9.69623e-009,0.00164022
9.89623e-009,0.000756329
1.00962e-008,0.000756329
1.02962e-008,-0.000127563
1.04962e-008,-0.00101146
1.06962e-008,-0.00189535
1.08962e-008,-0.00101146
1.10962e-008,0.000756329
1.12962e-008,-0.000127563
1.14962e-008,0.000756329
1.16962e-008,0.00252411
1.18962e-008,-0.000127563
1.20962e-008,0.00164022
1.22962e-008,0.00164022
1.24962e-008,0.000756329
1.26962e-008,0.000756329
1.28962e-008,0.000756329
1.30962e-008,-0.000127563
1.32962e-008,-0.00101146
1.34962e-008,-0.00189535
1.36962e-008,-0.00189535
1.38962e-008,-0.00101146
1.40962e-008,0.00164022
1.42962e-008,-0.000127563
1.44962e-008,-0.000127563
1.46962e-008,0.000756329
1.48962e-008,-0.000127563
1.50962e-008,-0.000127563
1.52962e-008,-0.00101146
1.54962e-008,-0.000127563
1.56962e-008,-0.00189535
1.58962e-008,-0.000127563
1.60962e-008,-0.000127563
1.62962e-008,-0.00189535
1.64962e-008,-0.00101146
1.66962e-008,-0.00277924
1.68962e-008,-0.00189535
1.70962e-008,-0.00101146
1.72962e-008,-0.00189535
1.74962e-008,-0.000127563
1.76962e-008,0.00164022
1.78962e-008,-0.000127563
1.80962e-008,-0.000127563
1.82962e-008,-0.00189535
1.84962e-008,-0.000127563
1.86962e-008,-0.00101146
1.88962e-008,-0.00189535
1.90962e-008,-0.000127563
1.92962e-008,-0.000127563
1.94962e-008,0.00164022
1.96962e-008,0.00164022
1.98962e-008,-0.000127563
2.00962e-008,0.00164022
2.02962e-008,-0.000127563
2.04962e-008,-0.000127563
2.06962e-008,0.000756329
2.08962e-008,0.00252411
2.10962e-008,0.000756329
2.12962e-008,0.000756329
2.14962e-008,-0.000127563
2.16962e-008,-0.00101146
2.18962e-008,0.000756329
2.20962e-008,-0.000127563
2.22962e-008,-0.000127563
2.24962e-008,-0.000127563
2.26962e-008,0.000756329
2.28962e-008,-0.000127563
2.30962e-008,0.000756329
2.32962e-008,0.000756329
2.34962e-008,-0.00189535
2.36962e-008,-0.00101146
2.38962e-008,-0.00101146
2.40962e-008,-0.00189535
2.42962e-008,-0.00101146
2.44962e-008,-0.00189535
2.46962e-008,-0.00101146
2.48962e-008,0.000756329
2.50962e-008,0.000756329
2.52962e-008,-0.000127563
2.54962e-008,0.000756329
2.56962e-008,-0.000127563
2.58962e-008,0.000756329
2.60962e-008,0.000756329
2.62962e-008,-0.000127563
2.64962e-008,-0.000127563
2.66962e-008,0.000756329
2.68962e-008,-0.000127563
2.70962e-008,-0.00189535
2.72962e-008,-0.000127563
2.74962e-008,-0.000127563
2.76962e-008,0.000756329
2.78962e-008,0.003408
2.80962e-008,0.000756329
2.82962e-008,-0.000127563
2.84962e-008,-0.000127563
2.86962e-008,-0.000127563
2.88962e-008,0.000756329
2.90962e-008,0.000756329
2.92962e-008,-0.00101146
2.94962e-008,-0.00101146
2.96962e-008,-0.00189535
2.98962e-008,-0.000127563
3.00962e-008,-0.000127563
3.02962e-008,0.000756329
3.04962e-008,0.00164022
3.06962e-008,0.000756329
3.08962e-008,0.00164022
3.10962e-008,-0.000127563
3.12962e-008,-0.00101146
3.14962e-008,-0.00101146
3.16962e-008,-0.00101146
3.18962e-008,-0.00277924
3.20962e-008,0.00164022
3.22962e-008,-0.000127563
3.24962e-008,-0.00101146
3.26962e-008,-0.00189535
3.28962e-008,-0.00101146
3.30962e-008,-0.00101146
3.32962e-008,-0.00189535
3.34962e-008,0.000756329
3.36962e-008,0.000756329
3.38962e-008,-0.000127563
3.40962e-008,0.000756329
3.42962e-008,-0.00101146
3.44962e-008,-0.00189535
3.46962e-008,-0.00189535
3.48962e-008,-0.00101146
3.50962e-008,-0.00189535
3.52962e-008,-0.00101146
3.54962e-008,-0.00101146
3.56962e-008,0.000756329
3.58962e-008,-0.000127563
3.60962e-008,0.000756329
3.62962e-008,0.00164022
3.64962e-008,-0.00101146
3.66962e-008,-0.00189535
3.68962e-008,-0.00101146
3.70962e-008,-0.000127563
3.72962e-008,0.00164022
3.74962e-008,0.00252411
3.76962e-008,-0.000127563
3.78962e-008,-0.00189535
3.80962e-008,-0.000127563
3.82962e-008,0.000756329
3.84962e-008,0.000756329
3.86962e-008,0.00164022
3.88962e-008,0.000756329
3.90962e-008,-0.00101146
3.92962e-008,-0.000127563
3.94962e-008,-0.00101146
3.96962e-008,-0.00101146
3.98962e-008,-0.00101146
4.00962e-008,0.000756329
4.02962e-008,0.000756329
4.04962e-008,-0.00101146
4.06962e-008,-0.000127563
4.08962e-008,-0.00101146
4.10962e-008,0.000756329
4.12962e-008,-0.000127563
4.14962e-008,0.00164022
4.16962e-008,0.000756329
4.18962e-008,-0.000127563
4.20962e-008,-0.000127563
4.22962e-008,0.000756329
4.24962e-008,-0.00101146
4.26962e-008,-0.00101146
4.28962e-008,-0.00101146
4.30962e-008,-0.00101146
4.32962e-008,-0.00189535
4.34962e-008,-0.00101146
4.36962e-008,-0.000127563
4.38962e-008,0.000756329
4.40962e-008,0.00164022
4.42962e-008,-0.000127563
4.44962e-008,-0.00101146
4.46962e-008,-0.00277924
4.48962e-008,-0.00189535
4.50962e-008,-0.00277924
4.52962e-008,-0.00101146
4.54962e-008,-0.00189535
4.56962e-008,-0.00189535
4.58962e-008,0.00252411
4.60962e-008,0.00164022
4.62962e-008,0.00164022
4.64962e-008,0.000756329
4.66962e-008,0.00164022
4.68962e-008,-0.000127563
4.70962e-008,0.00252411
4.72962e-008,0.000756329
4.74962e-008,-0.00101146
4.76962e-008,0.000756329
4.78962e-008,-0.000127563
4.80962e-008,-0.00189535
4.82962e-008,-0.00189535
4.84962e-008,-0.000127563
4.86962e-008,-0.000127563
4.88962e-008,0.000756329
4.90962e-008,0.000756329
4.92962e-008,0.00164022
4.94962e-008,0.000756329
4.96962e-008,0.000756329
4.98962e-008,0.00164022
5.00962e-008,0.00252411
5.02962e-008,-0.00101146
5.04962e-008,-0.000127563
5.06962e-008,-0.000127563
5.08962e-008,-0.000127563
5.10962e-008,0.000756329
5.12962e-008,-0.000127563
5.14962e-008,-0.000127563
5.16962e-008,-0.00101146
5.18962e-008,-0.000127563
5.20962e-008,-0.000127563
5.22962e-008,0.000756329
5.24962e-008,0.000756329
5.26962e-008,0.000756329
5.28962e-008,0.000756329
5.30962e-008,-0.000127563
5.32962e-008,-0.00101146
5.34962e-008,-0.00101146
5.36962e-008,-0.000127563
5.38962e-008,-0.00101146
5.40962e-008,-0.00101146
5.42962e-008,-0.000127563
5.44962e-008,-0.000127563
5.46962e-008,-0.000127563
5.48962e-008,0.000756329
5.50962e-008,-0.000127563
5.52962e-008,-0.00101146
5.54962e-008,-0.00189535
5.56962e-008,-0.000127563
5.58962e-008,-0.00189535
5.60962e-008,0.000756329
5.62962e-008,0.000756329
5.64962e-008,-0.00101146
5.66962e-008,-0.00189535
5.68962e-008,-0.000127563
5.70962e-008,-0.00101146
5.72962e-008,-0.000127563
5.74962e-008,-0.000127563
5.76962e-008,0.000756329
5.78962e-008,0.003408
5.80962e-008,0.00252411
5.82962e-008,0.003408
5.84962e-008,0.003408
5.86962e-008,0.000756329
5.88962e-008,-0.00101146
5.90962e-008,-0.00189535
5.92962e-008,-0.000127563
5.94962e-008,-0.00101146
5.96962e-008,-0.000127563
5.98962e-008,-0.000127563
6.00962e-008,-0.000127563
6.02962e-008,0.00164022
6.04962e-008,-0.000127563
6.06962e-008,-0.000127563
6.08962e-008,0.000756329
6.10962e-008,-0.000127563
6.12962e-008,-0.00101146
6.14962e-008,-0.000127563
6.16962e-008,-0.00101146
6.18962e-008,-0.00277924
6.20962e-008,0.000756329
6.22962e-008,-0.00101146
6.24962e-008,-0.000127563
6.26962e-008,-0.00189535
6.28962e-008,-0.00101146
6.30962e-008,-0.00189535
6.32962e-008,-0.00189535
6.34962e-008,-0.00101146
6.36962e-008,0.000756329
6.38962e-008,0.000756329
6.40962e-008,-0.00101146
6.42962e-008,-0.00189535
6.44962e-008,-0.00189535
6.46962e-008,-0.00101146
6.48962e-008,-0.00101146
6.50962e-008,-0.00101146
6.52962e-008,-0.00101146
6.54962e-008,-0.00277924
6.56962e-008,-0.00189535
6.58962e-008,-0.00277924
6.60962e-008,-0.00631481
6.62962e-008,-0.00808259
6.64962e-008,-0.00896648
6.66962e-008,-0.0116182
6.68962e-008,-0.0142698
6.70962e-008,-0.0169215
6.72962e-008,-0.0169215
6.74962e-008,-0.0186893
6.76962e-008,-0.0204571
6.78962e-008,-0.0195732
6.80962e-008,-0.0248765
6.82962e-008,-0.0248765
6.84962e-008,-0.0248765
6.86962e-008,-0.0275282
6.88962e-008,-0.0275282
6.90962e-008,-0.0266443
6.92962e-008,-0.0284121
6.94962e-008,-0.0266443
6.96962e-008,-0.0284121
6.98962e-008,-0.0266443
7.00962e-008,-0.0266443
7.02962e-008,-0.0275282
7.04962e-008,-0.0248765
7.06962e-008,-0.0231088
7.08962e-008,-0.0195732
7.10962e-008,-0.0186893
7.12962e-008,-0.0178054
7.14962e-008,-0.0186893
7.16962e-008,-0.0186893
7.18962e-008,-0.0186893
7.20962e-008,-0.0169215
7.22962e-008,-0.0178054
7.24962e-008,-0.0186893
7.26962e-008,-0.0169215
7.28962e-008,-0.0169215
7.30962e-008,-0.0160376
7.32962e-008,-0.0125021
7.34962e-008,-0.0116182
7.36962e-008,-0.0107343
7.38962e-008,-0.00985037
7.40962e-008,-0.00543092
7.42962e-008,-0.00808259
7.44962e-008,-0.00808259
7.46962e-008,-0.0071987
7.48962e-008,-0.0071987
7.50962e-008,-0.00896648
7.52962e-008,-0.00896648
7.54962e-008,-0.00808259
7.56962e-008,-0.00808259
7.58962e-008,-0.00808259
7.60962e-008,-0.00543092
7.62962e-008,-0.00543092
7.64962e-008,-0.00454702
7.66962e-008,-0.00454702
7.68962e-008,-0.00631481
7.70962e-008,-0.00454702
7.72962e-008,-0.00366313
7.74962e-008,-0.00366313
7.76962e-008,-0.00366313
7.78962e-008,-0.00454702
7.80962e-008,-0.00543092
7.82962e-008,-0.00631481
7.84962e-008,-0.00543092
7.86962e-008,-0.00366313
7.88962e-008,-0.00277924
7.90962e-008,-0.00189535
7.92962e-008,-0.00277924
7.94962e-008,-0.00277924
7.96962e-008,-0.00277924
7.98962e-008,-0.00277924
8.00962e-008,-0.00366313
8.02962e-008,-0.00366313
8.04962e-008,-0.00277924
8.06962e-008,-0.00189535
8.08962e-008,0.000756329
8.10962e-008,-0.00101146
8.12962e-008,-0.00189535
8.14962e-008,-0.00101146
8.16962e-008,-0.00189535
8.18962e-008,-0.00101146
8.20962e-008,-0.00101146
8.22962e-008,-0.000127563
8.24962e-008,0.000756329
8.26962e-008,0.000756329
8.28962e-008,-0.00101146
8.30962e-008,-0.00189535
8.32962e-008,-0.00101146
8.34962e-008,-0.00189535
8.36962e-008,-0.00101146
8.38962e-008,-0.00277924
8.40962e-008,-0.00189535
8.42962e-008,0.000756329
8.44962e-008,-0.00101146
8.46962e-008,-0.00101146
8.48962e-008,-0.000127563
8.50962e-008,0.000756329
8.52962e-008,0.000756329
8.54962e-008,0.000756329
8.56962e-008,0.00164022
8.58962e-008,0.000756329
8.60962e-008,0.000756329
8.62962e-008,0.000756329
8.64962e-008,0.000756329
8.66962e-008,-0.00101146
8.68962e-008,-0.000127563
8.70962e-008,-0.00101146
8.72962e-008,0.00164022
8.74962e-008,-0.000127563
8.76962e-008,0.00252411
8.78962e-008,0.00252411
8.80962e-008,0.00164022
8.82962e-008,0.000756329
8.84962e-008,0.00252411
8.86962e-008,-0.000127563
8.88962e-008,-0.000127563
8.90962e-008,-0.000127563
8.92962e-008,0.000756329
8.94962e-008,0.000756329
8.96962e-008,0.00164022
8.98962e-008,0.000756329
9.00962e-008,0.000756329
9.02962e-008,0.000756329
9.04962e-008,-0.000127563
9.06962e-008,0.000756329
9.08962e-008,0.000756329
9.10962e-008,0.000756329
9.12962e-008,0.00252411
9.14962e-008,0.00164022
9.16962e-008,0.00164022
9.18962e-008,0.00252411
9.20962e-008,0.003408
9.22962e-008,0.00164022
9.24962e-008,-0.000127563
9.26962e-008,-0.000127563
9.28962e-008,-0.00101146
9.30962e-008,0.000756329
9.32962e-008,0.00164022
9.34962e-008,0.00164022
9.36962e-008,0.00164022
9.38962e-008,0.00164022
9.40962e-008,0.00164022
9.42962e-008,-0.000127563
9.44962e-008,0.000756329
9.46962e-008,-0.00277924
9.48962e-008,-0.00189535
9.50962e-008,-0.000127563
9.52962e-008,-0.00101146
9.54962e-008,-0.00189535
9.56962e-008,-0.00189535
9.58962e-008,-0.00101146
9.60962e-008,-0.000127563
9.62962e-008,-0.000127563
9.64962e-008,-0.00101146
9.66962e-008,0.00164022
9.68962e-008,0.003408
9.70962e-008,0.00252411
9.72962e-008,0.00252411
9.74962e-008,0.00252411
9.76962e-008,0.003408
9.78962e-008,0.00252411
9.80962e-008,0.00252411
9.82962e-008,0.000756329
9.84962e-008,0.00164022
9.86962e-008,0.00252411
9.88962e-008,-0.000127563
9.90962e-008,-0.000127563
9.92962e-008,0.00164022
9.94962e-008,0.000756329
9.96962e-008,0.00164022
9.98962e-008,0.003408
1.00096e-007,0.003408
1.00296e-007,0.00164022
1.00496e-007,-0.00101146
1.00696e-007,-0.00101146
1.00896e-007,-0.00189535
1.01096e-007,0.000756329
1.01296e-007,-0.000127563
1.01496e-007,0.000756329
1.01696e-007,0.003408
1.01896e-007,-0.000127563
1.02096e-007,-0.000127563
1.02296e-007,0.000756329
1.02496e-007,-0.000127563
1.02696e-007,0.000756329
1.02896e-007,0.00164022
1.03096e-007,0.000756329
1.03296e-007,-0.00101146
1.03496e-007,-0.00101146
1.03696e-007,-0.00101146
1.03896e-007,-0.00189535
1.04096e-007,-0.00101146
1.04296e-007,-0.00101146
1.04496e-007,-0.00101146
1.04696e-007,0.000756329
1.04896e-007,0.00252411
1.05096e-007,0.000756329
1.05296e-007,0.00164022
1.05496e-007,0.000756329
1.05696e-007,0.00164022
1.05896e-007,0.00252411
1.06096e-007,0.00164022
1.06296e-007,-0.000127563
1.06496e-007,-0.000127563
1.06696e-007,-0.00189535
1.06896e-007,-0.00189535
1.07096e-007,-0.000127563
1.07296e-007,0.000756329
1.07496e-007,0.00164022
1.07696e-007,0.00164022
1.07896e-007,0.000756329
1.08096e-007,0.000756329
1.08296e-007,0.00164022
1.08496e-007,0.000756329
1.08696e-007,-0.000127563
1.08896e-007,0.000756329
1.09096e-007,0.000756329
1.09296e-007,-0.00101146
1.09496e-007,0.000756329
1.09696e-007,-0.000127563
1.09896e-007,0.000756329
1.10096e-007,-0.000127563
1.10296e-007,0.00164022
1.10496e-007,0.000756329
1.10696e-007,0.000756329
1.10896e-007,0.00164022
1.11096e-007,-0.000127563
1.11296e-007,-0.000127563
1.11496e-007,-0.00101146
1.11696e-007,-0.00189535
1.11896e-007,-0.00189535
1.12096e-007,-0.00101146
1.12296e-007,-0.00189535
1.12496e-007,-0.00189535
1.12696e-007,-0.00277924
1.12896e-007,0.000756329
1.13096e-007,0.000756329
1.13296e-007,-0.00101146
1.13496e-007,-0.000127563
1.13696e-007,0.00252411
1.13896e-007,0.00164022
1.14096e-007,0.000756329
1.14296e-007,0.00252411
1.14496e-007,-0.000127563
1.14696e-007,0.000756329
1.14896e-007,0.000756329
1.15096e-007,-0.00189535
1.15296e-007,-0.00101146
1.15496e-007,-0.00101146
1.15696e-007,0.00164022
1.15896e-007,-0.000127563
1.16096e-007,0.003408
1.16296e-007,0.00252411
1.16496e-007,-0.000127563
1.16696e-007,0.00164022
1.16896e-007,0.000756329
1.17096e-007,-0.000127563
1.17296e-007,0.00164022
1.17496e-007,0.000756329
1.17696e-007,-0.000127563
1.17896e-007,-0.000127563
1.18096e-007,-0.000127563
1.18296e-007,-0.000127563
1.18496e-007,-0.000127563
1.18696e-007,0.000756329
1.18896e-007,-0.000127563
1.19096e-007,0.000756329
1.19296e-007,-0.000127563
1.19496e-007,0.000756329
1.19696e-007,0.000756329
1.19896e-007,-0.00101146
1.20096e-007,-0.000127563
1.20296e-007,-0.00101146
1.20496e-007,-0.00101146
1.20696e-007,-0.00189535
1.20896e-007,-0.00101146
1.21096e-007,-0.00101146
1.21296e-007,-0.000127563
1.21496e-007,0.00164022
1.21696e-007,0.00252411
1.21896e-007,0.00252411
1.22096e-007,0.003408
1.22296e-007,0.00164022
1.22496e-007,0.000756329
1.22696e-007,0.000756329
1.22896e-007,-0.00101146
1.23096e-007,-0.00543092
1.23296e-007,-0.00277924
1.23496e-007,-0.00101146
1.23696e-007,-0.00101146
1.23896e-007,-0.000127563
1.24096e-007,-0.000127563
1.24296e-007,0.000756329
1.24496e-007,0.003408
1.24696e-007,0.00517579
1.24896e-007,0.003408
1.25096e-007,0.0042919
1.25296e-007,0.00252411
1.25496e-007,0.000756329
1.25696e-007,0.000756329
1.25896e-007,-0.000127563
1.26096e-007,-0.000127563
1.26296e-007,-0.00101146
1.26496e-007,-0.00101146
1.26696e-007,-0.00189535
1.26896e-007,-0.000127563
1.27096e-007,-0.00101146
1.27296e-007,-0.00189535
1.27496e-007,0.00164022
1.27696e-007,0.00252411
1.27896e-007,0.003408
1.28096e-007,0.00164022
1.28296e-007,0.00164022
1.28496e-007,0.000756329
1.28696e-007,0.00164022
1.28896e-007,-0.000127563
1.29096e-007,-0.00101146
1.29296e-007,-0.000127563
1.29496e-007,-0.000127563
1.29696e-007,-0.00101146
1.29896e-007,0.00164022
1.30096e-007,-0.000127563
1.30296e-007,-0.000127563
1.30496e-007,0.000756329
1.30696e-007,0.000756329
1.30896e-007,-0.000127563
1.31096e-007,0.003408
1.31296e-007,0.003408
1.31496e-007,0.003408
1.31696e-007,0.00252411
1.31896e-007,0.000756329
1.32096e-007,-0.000127563
1.32296e-007,0.00164022
1.32496e-007,-0.00189535
1.32696e-007,-0.00277924
1.32896e-007,-0.000127563
1.33096e-007,-0.000127563
1.33296e-007,0.000756329
1.33496e-007,-0.000127563
1.33696e-007,-0.00101146
1.33896e-007,-0.00101146
1.34096e-007,-0.000127563
1.34296e-007,0.000756329
1.34496e-007,0.00164022
1.34696e-007,0.000756329
1.34896e-007,0.000756329
1.35096e-007,-0.00189535
1.35296e-007,-0.00189535
1.35496e-007,-0.00277924
1.35696e-007,-0.00277924
1.35896e-007,-0.00277924
1.36096e-007,-0.00101146
1.36296e-007,0.000756329
1.36496e-007,-0.000127563
1.36696e-007,0.000756329
1.36896e-007,0.00164022
1.37096e-007,0.000756329
1.37296e-007,0.00164022
1.37496e-007,0.00164022
1.37696e-007,0.00164022
1.37896e-007,-0.000127563
1.38096e-007,0.000756329
1.38296e-007,0.000756329
1.38496e-007,-0.000127563
1.38696e-007,-0.000127563
1.38896e-007,-0.00101146
1.39096e-007,-0.000127563
1.39296e-007,-0.00189535
1.39496e-007,0.000756329
1.39696e-007,0.00164022
1.39896e-007,0.000756329
1.40096e-007,0.00164022
1.40296e-007,0.00164022
1.40496e-007,0.000756329
1.40696e-007,-0.000127563
1.40896e-007,-0.00101146
1.41096e-007,-0.00189535
1.41296e-007,0.00164022
1.41496e-007,-0.000127563
1.41696e-007,-0.000127563
1.41896e-007,0.00164022
1.42096e-007,0.000756329
1.42296e-007,-0.000127563
1.42496e-007,0.00252411
1.42696e-007,0.000756329
1.42896e-007,0.000756329
1.43096e-007,-0.00189535
1.43296e-007,-0.00189535
1.43496e-007,-0.00277924
1.43696e-007,-0.00189535
1.43896e-007,-0.00189535
1.44096e-007,-0.00277924
1.44296e-007,-0.00189535
1.44496e-007,-0.00277924
1.44696e-007,-0.00189535
1.44896e-007,0.000756329
1.45096e-007,0.00164022
1.45296e-007,0.000756329
1.45496e-007,0.000756329
1.45696e-007,0.00164022
1.45896e-007,-0.000127563
1.46096e-007,-0.000127563
1.46296e-007,-0.000127563
1.46496e-007,-0.00101146
1.46696e-007,-0.000127563
1.46896e-007,-0.00101146
1.47096e-007,-0.00101146
1.47296e-007,0.00164022
1.47496e-007,-0.000127563
1.47696e-007,0.00252411
1.47896e-007,0.003408
1.48096e-007,0.00252411
1.48296e-007,0.00164022
1.48496e-007,-0.00101146
1.48696e-007,-0.00101146
1.48896e-007,-0.00101146
1.49096e-007,-0.00101146
1.49296e-007,-0.00189535
1.49496e-007,-0.00189535
1.49696e-007,-0.00277924
1.49896e-007,-0.000127563
1.50096e-007,-0.000127563
1.50296e-007,-0.000127563
1.50496e-007,0.000756329
1.50696e-007,-0.000127563
1.50896e-007,0.00252411
1.51096e-007,0.00164022
1.51296e-007,-0.000127563
1.51496e-007,-0.00101146
1.51696e-007,-0.00189535
1.51896e-007,-0.00277924
1.52096e-007,-0.00277924
1.52296e-007,-0.00189535
1.52496e-007,-0.00101146
1.52696e-007,0.000756329
1.52896e-007,-0.00101146
1.53096e-007,0.00164022
1.53296e-007,0.003408
1.53496e-007,0.00164022
1.53696e-007,-0.000127563
1.53896e-007,0.00164022
1.54096e-007,0.00164022
1.54296e-007,0.000756329
1.54496e-007,-0.00101146
1.54696e-007,-0.00101146
1.54896e-007,-0.00189535
1.55096e-007,-0.00189535
1.55296e-007,-0.00101146
1.55496e-007,-0.000127563
1.55696e-007,0.000756329
1.55896e-007,0.00252411
1.56096e-007,-0.000127563
1.56296e-007,0.00252411
1.56496e-007,0.00164022
1.56696e-007,-0.000127563
1.56896e-007,0.00164022
1.57096e-007,-0.000127563
1.57296e-007,-0.000127563
1.57496e-007,-0.00101146
1.57696e-007,-0.00101146
1.57896e-007,-0.000127563
1.58096e-007,0.00164022
1.58296e-007,-0.000127563
1.58496e-007,-0.000127563
1.58696e-007,0.000756329
1.58896e-007,0.00164022
1.59096e-007,0.000756329
1.59296e-007,0.000756329
1.59496e-007,-0.000127563
1.59696e-007,-0.00101146
1.59896e-007,-0.00101146
1.60096e-007,-0.00189535
1.60296e-007,-0.00101146
1.60496e-007,-0.000127563
1.60696e-007,-0.000127563
1.60896e-007,-0.000127563
1.61096e-007,0.000756329
1.61296e-007,-0.00101146
1.61496e-007,-0.00101146
1.61696e-007,-0.00101146
1.61896e-007,-0.000127563
1.62096e-007,-0.00101146
1.62296e-007,0.00164022
1.62496e-007,-0.000127563
1.62696e-007,-0.00101146
1.62896e-007,-0.000127563
1.63096e-007,-0.00101146
1.63296e-007,0.000756329
1.63496e-007,0.003408
1.63696e-007,0.00164022
1.63896e-007,-0.00101146
1.64096e-007,0.000756329
1.64296e-007,0.000756329
1.64496e-007,-0.00101146
1.64696e-007,0.000756329
1.64896e-007,-0.00101146
1.65096e-007,-0.00189535
1.65296e-007,-0.00277924
1.65496e-007,-0.00277924
1.65696e-007,-0.00101146
1.65896e-007,-0.00101146
1.66096e-007,-0.000127563
1.66296e-007,-0.000127563
1.66496e-007,0.003408
1.66696e-007,0.00252411
1.66896e-007,0.00164022
1.67096e-007,0.00164022
1.67296e-007,-0.000127563
1.67496e-007,-0.00189535
1.67696e-007,0.00164022
1.67896e-007,-0.00101146
1.68096e-007,-0.00101146
1.68296e-007,-0.00189535
1.68496e-007,-0.00189535
1.68696e-007,-0.00101146
1.68896e-007,-0.000127563
1.69096e-007,0.000756329
1.69296e-007,0.000756329
1.69496e-007,0.003408
1.69696e-007,0.003408
1.69896e-007,0.00164022
1.70096e-007,0.00252411
1.70296e-007,0.000756329
1.70496e-007,0.000756329
1.70696e-007,-0.000127563
1.70896e-007,-0.000127563
1.71096e-007,-0.00189535
1.71296e-007,-0.00189535
1.71496e-007,-0.00101146
1.71696e-007,-0.000127563
1.71896e-007,0.00252411
1.72096e-007,0.000756329
1.72296e-007,-0.00101146
1.72496e-007,-0.00101146
1.72696e-007,-0.00101146
1.72896e-007,-0.00101146
1.73096e-007,0.000756329
1.73296e-007,-0.000127563
1.73496e-007,-0.000127563
1.73696e-007,0.000756329
1.73896e-007,-0.000127563
1.74096e-007,-0.00101146
1.74296e-007,0.00252411
1.74496e-007,0.00164022
1.74696e-007,-0.00101146
1.74896e-007,0.00164022
1.75096e-007,-0.000127563
1.75296e-007,-0.000127563
1.75496e-007,-0.00101146
1.75696e-007,-0.00101146
1.75896e-007,-0.000127563
1.76096e-007,-0.000127563
1.76296e-007,0.000756329
1.76496e-007,-0.00101146
1.76696e-007,-0.00101146
1.76896e-007,-0.00101146
1.77096e-007,-0.00101146
1.77296e-007,-0.000127563
1.77496e-007,-0.000127563
1.77696e-007,0.000756329
1.77896e-007,0.00252411
1.78096e-007,0.00164022
1.78296e-007,-0.00189535
1.78496e-007,-0.00189535
1.78696e-007,-0.00101146
1.78896e-007,-0.00101146
1.79096e-007,-0.000127563
1.79296e-007,0.00164022
1.79496e-007,0.00164022
1.79696e-007,0.00164022
1.79896e-007,0.000756329
1.80096e-007,-0.000127563
1.80296e-007,0.00164022
1.80496e-007,-0.000127563
1.80696e-007,-0.000127563
1.80896e-007,0.000756329
1.81096e-007,-0.000127563
1.81296e-007,0.000756329
1.81496e-007,-0.000127563
1.81696e-007,0.000756329
1.81896e-007,-0.00101146
1.82096e-007,0.000756329
1.82296e-007,0.000756329
1.82496e-007,0.000756329
1.82696e-007,0.00164022
1.82896e-007,0.000756329
1.83096e-007,0.000756329
1.83296e-007,-0.000127563
1.83496e-007,-0.000127563
1.83696e-007,-0.00101146
1.83896e-007,-0.00101146
1.84096e-007,-0.00101146
1.84296e-007,0.00164022
1.84496e-007,0.000756329
1.84696e-007,-0.000127563
1.84896e-007,-0.00101146
1.85096e-007,-0.00189535
1.85296e-007,-0.00101146
1.85496e-007,0.000756329
1.85696e-007,0.00164022
1.85896e-007,0.00164022
1.86096e-007,0.000756329
1.86296e-007,0.000756329
1.86496e-007,-0.00101146
1.86696e-007,-0.00101146
1.86896e-007,0.000756329
1.87096e-007,-0.00189535
1.87296e-007,-0.00101146
1.87496e-007,0.000756329
1.87696e-007,0.00164022
1.87896e-007,-0.000127563
1.88096e-007,-0.00101146
1.88296e-007,-0.000127563
1.88496e-007,-0.000127563
1.88696e-007,0.000756329
1.88896e-007,-0.000127563
1.89096e-007,0.000756329
1.89296e-007,-0.00189535
1.89496e-007,-0.00101146
1.89696e-007,-0.000127563
1.89896e-007,-0.000127563
1.90096e-007,-0.000127563
1.90296e-007,-0.00101146
1.90496e-007,-0.00101146
