LECROYWR6050,144,Waveform
Segments,1,SegmentSize,1002
Segment,TrigTime,TimeSinceSegment1
#1,18-Jan-2002 23:32:50,0                 
Time,Ampl
-9.61751e-009,-0.000127563
-9.41751e-009,0.000756329
-9.21751e-009,0.000756329
-9.01751e-009,-0.00101146
-8.81751e-009,-0.00101146
-8.61751e-009,-0.00189535
-8.41751e-009,-0.00189535
-8.21751e-009,-0.000127563
-8.01751e-009,-0.00101146
-7.81751e-009,-0.000127563
-7.61751e-009,0.000756329
-7.41751e-009,-0.000127563
-7.21751e-009,-0.000127563
-7.01751e-009,0.000756329
-6.81751e-009,0.000756329
-6.61751e-009,0.000756329
-6.41751e-009,0.000756329
-6.21751e-009,-0.00101146
-6.01751e-009,-0.00277924
-5.81751e-009,-0.00101146
-5.61751e-009,-0.000127563
-5.41751e-009,-0.00101146
-5.21751e-009,0.00164022
-5.01751e-009,-0.000127563
-4.81751e-009,0.000756329
-4.61751e-009,-0.00101146
-4.41751e-009,-0.000127563
-4.21751e-009,-0.000127563
-4.01751e-009,-0.00189535
-3.81751e-009,-0.00189535
-3.61751e-009,-0.00277924
-3.41751e-009,-0.00366313
-3.21751e-009,-0.00366313
-3.01751e-009,-0.00189535
-2.81751e-009,-0.000127563
-2.61751e-009,-0.00101146
-2.41751e-009,-0.00101146
-2.21751e-009,0.00164022
-2.01751e-009,0.00164022
-1.81751e-009,-0.00101146
-1.61751e-009,-0.00101146
-1.41751e-009,-0.000127563
-1.21751e-009,-0.000127563
-1.01751e-009,0.00252411
-8.17514e-010,0.000756329
-6.17514e-010,0.000756329
-4.17514e-010,-0.000127563
-2.17514e-010,-0.000127563
-1.75143e-011,-0.00101146
1.82486e-010,0.000756329
3.82486e-010,0.000756329
5.82486e-010,-0.00101146
7.82486e-010,0.00164022
9.82486e-010,0.00164022
1.18249e-009,-0.000127563
1.38249e-009,-0.00101146
1.58249e-009,-0.000127563
1.78249e-009,-0.00101146
1.98249e-009,0.00164022
2.18249e-009,-0.00101146
2.38249e-009,-0.00101146
2.58249e-009,0.000756329
2.78249e-009,-0.00101146
2.98249e-009,-0.00101146
3.18249e-009,0.00164022
3.38249e-009,-0.000127563
3.58249e-009,-0.00101146
3.78249e-009,-0.00101146
3.98249e-009,-0.000127563
4.18249e-009,-0.00189535
4.38249e-009,-0.00189535
4.58249e-009,-0.00101146
4.78249e-009,-0.00189535
4.98249e-009,-0.00101146
5.18249e-009,-0.00101146
5.38249e-009,-0.00101146
5.58249e-009,0.000756329
5.78249e-009,-0.000127563
5.98249e-009,-0.00189535
6.18249e-009,-0.00189535
6.38249e-009,-0.00101146
6.58249e-009,-0.00189535
6.78249e-009,-0.00101146
6.98249e-009,-0.000127563
7.18249e-009,-0.000127563
7.38249e-009,-0.00101146
7.58249e-009,-0.00101146
7.78249e-009,-0.00101146
7.98249e-009,-0.00189535
8.18249e-009,-0.00189535
8.38249e-009,-0.000127563
8.58249e-009,0.000756329
8.78249e-009,-0.000127563
8.98249e-009,-0.00101146
9.18249e-009,0.00164022
9.38249e-009,0.000756329
9.58249e-009,-0.00101146
9.78249e-009,-0.00101146
9.98249e-009,-0.000127563
1.01825e-008,-0.00189535
1.03825e-008,0.00164022
1.05825e-008,-0.000127563
1.07825e-008,-0.00101146
1.09825e-008,0.000756329
1.11825e-008,-0.000127563
1.13825e-008,-0.00101146
1.15825e-008,-0.00101146
1.17825e-008,-0.00189535
1.19825e-008,-0.00101146
1.21825e-008,0.000756329
1.23825e-008,0.000756329
1.25825e-008,-0.00101146
1.27825e-008,-0.000127563
1.29825e-008,-0.000127563
1.31825e-008,-0.00101146
1.33825e-008,-0.00189535
1.35825e-008,-0.000127563
1.37825e-008,-0.00101146
1.39825e-008,-0.000127563
1.41825e-008,-0.00101146
1.43825e-008,-0.00189535
1.45825e-008,-0.00101146
1.47825e-008,-0.00101146
1.49825e-008,-0.00189535
1.51825e-008,0.00164022
1.53825e-008,0.000756329
1.55825e-008,-0.00189535
1.57825e-008,-0.000127563
1.59825e-008,-0.000127563
1.61825e-008,-0.00189535
1.63825e-008,-0.00101146
1.65825e-008,-0.000127563
1.67825e-008,-0.000127563
1.69825e-008,0.00252411
1.71825e-008,-0.000127563
1.73825e-008,-0.000127563
1.75825e-008,-0.000127563
1.77825e-008,0.000756329
1.79825e-008,-0.000127563
1.81825e-008,0.00164022
1.83825e-008,-0.000127563
1.85825e-008,-0.00101146
1.87825e-008,0.000756329
1.89825e-008,-0.00101146
1.91825e-008,-0.000127563
1.93825e-008,-0.00101146
1.95825e-008,-0.00101146
1.97825e-008,-0.00189535
1.99825e-008,0.000756329
2.01825e-008,-0.000127563
2.03825e-008,-0.000127563
2.05825e-008,-0.00101146
2.07825e-008,-0.00101146
2.09825e-008,-0.00189535
2.11825e-008,-0.00101146
2.13825e-008,-0.00101146
2.15825e-008,-0.00189535
2.17825e-008,-0.000127563
2.19825e-008,0.00164022
2.21825e-008,0.00164022
2.23825e-008,0.00164022
2.25825e-008,0.000756329
2.27825e-008,-0.000127563
2.29825e-008,0.00164022
2.31825e-008,0.000756329
2.33825e-008,-0.000127563
2.35825e-008,-0.000127563
2.37825e-008,0.00164022
2.39825e-008,-0.000127563
2.41825e-008,0.00164022
2.43825e-008,0.000756329
2.45825e-008,-0.000127563
2.47825e-008,-0.00189535
2.49825e-008,0.000756329
2.51825e-008,-0.000127563
2.53825e-008,-0.000127563
2.55825e-008,-0.000127563
2.57825e-008,-0.00277924
2.59825e-008,-0.00101146
2.61825e-008,-0.00101146
2.63825e-008,-0.000127563
2.65825e-008,-0.00101146
2.67825e-008,-0.00189535
2.69825e-008,-0.00101146
2.71825e-008,-0.00101146
2.73825e-008,-0.000127563
2.75825e-008,-0.00101146
2.77825e-008,-0.000127563
2.79825e-008,-0.000127563
2.81825e-008,-0.00277924
2.83825e-008,-0.00189535
2.85825e-008,-0.00189535
2.87825e-008,-0.00277924
2.89825e-008,-0.000127563
2.91825e-008,-0.000127563
2.93825e-008,-0.00101146
2.95825e-008,-0.00189535
2.97825e-008,-0.00277924
2.99825e-008,-0.00277924
3.01825e-008,-0.00189535
3.03825e-008,-0.000127563
3.05825e-008,-0.00101146
3.07825e-008,-0.00101146
3.09825e-008,0.000756329
3.11825e-008,-0.000127563
3.13825e-008,0.00164022
3.15825e-008,-0.000127563
3.17825e-008,-0.000127563
3.19825e-008,-0.00101146
3.21825e-008,-0.000127563
3.23825e-008,-0.000127563
3.25825e-008,0.000756329
3.27825e-008,0.000756329
3.29825e-008,-0.00101146
3.31825e-008,-0.000127563
3.33825e-008,-0.000127563
3.35825e-008,-0.000127563
3.37825e-008,0.000756329
3.39825e-008,-0.000127563
3.41825e-008,-0.000127563
3.43825e-008,0.000756329
3.45825e-008,-0.00101146
3.47825e-008,-0.00101146
3.49825e-008,-0.00189535
3.51825e-008,-0.000127563
3.53825e-008,0.000756329
3.55825e-008,0.00164022
3.57825e-008,-0.000127563
3.59825e-008,-0.00189535
3.61825e-008,-0.000127563
3.63825e-008,-0.00101146
3.65825e-008,0.000756329
3.67825e-008,-0.000127563
3.69825e-008,-0.00101146
3.71825e-008,-0.00101146
3.73825e-008,-0.00189535
3.75825e-008,-0.000127563
3.77825e-008,-0.00101146
3.79825e-008,-0.00101146
3.81825e-008,-0.00189535
3.83825e-008,-0.00189535
3.85825e-008,0.00252411
3.87825e-008,0.00164022
3.89825e-008,0.000756329
3.91825e-008,-0.000127563
3.93825e-008,-0.000127563
3.95825e-008,-0.00189535
3.97825e-008,-0.000127563
3.99825e-008,0.000756329
4.01825e-008,-0.00189535
4.03825e-008,-0.00189535
4.05825e-008,-0.000127563
4.07825e-008,-0.00101146
4.09825e-008,-0.000127563
4.11825e-008,-0.00101146
4.13825e-008,-0.00101146
4.15825e-008,-0.00101146
4.17825e-008,-0.000127563
4.19825e-008,0.00164022
4.21825e-008,0.00164022
4.23825e-008,0.000756329
4.25825e-008,-0.00189535
4.27825e-008,-0.00189535
4.29825e-008,-0.00101146
4.31825e-008,-0.00189535
4.33825e-008,-0.00189535
4.35825e-008,-0.00189535
4.37825e-008,-0.00101146
4.39825e-008,0.00252411
4.41825e-008,0.000756329
4.43825e-008,-0.000127563
4.45825e-008,-0.00189535
4.47825e-008,-0.00101146
4.49825e-008,-0.000127563
4.51825e-008,-0.00189535
4.53825e-008,-0.00101146
4.55825e-008,-0.00277924
4.57825e-008,-0.00101146
4.59825e-008,-0.00101146
4.61825e-008,-0.00189535
4.63825e-008,-0.00101146
4.65825e-008,-0.00101146
4.67825e-008,-0.00189535
4.69825e-008,-0.000127563
4.71825e-008,0.000756329
4.73825e-008,-0.000127563
4.75825e-008,-0.000127563
4.77825e-008,-0.000127563
4.79825e-008,-0.00189535
4.81825e-008,-0.000127563
4.83825e-008,-0.000127563
4.85825e-008,-0.000127563
4.87825e-008,-0.000127563
4.89825e-008,-0.000127563
4.91825e-008,-0.00101146
4.93825e-008,-0.00101146
4.95825e-008,0.000756329
4.97825e-008,-0.00101146
4.99825e-008,0.00164022
5.01825e-008,0.00164022
5.03825e-008,-0.000127563
5.05825e-008,-0.000127563
5.07825e-008,-0.00101146
5.09825e-008,-0.00101146
5.11825e-008,-0.000127563
5.13825e-008,-0.000127563
5.15825e-008,-0.00189535
5.17825e-008,-0.00101146
5.19825e-008,-0.00277924
5.21825e-008,-0.00277924
5.23825e-008,-0.000127563
5.25825e-008,0.000756329
5.27825e-008,-0.000127563
5.29825e-008,-0.00101146
5.31825e-008,-0.00101146
5.33825e-008,-0.00277924
5.35825e-008,-0.00101146
5.37825e-008,-0.000127563
5.39825e-008,-0.00101146
5.41825e-008,-0.00101146
5.43825e-008,0.000756329
5.45825e-008,0.000756329
5.47825e-008,0.000756329
5.49825e-008,-0.000127563
5.51825e-008,0.000756329
5.53825e-008,0.00164022
5.55825e-008,-0.00101146
5.57825e-008,-0.000127563
5.59825e-008,-0.00101146
5.61825e-008,-0.000127563
5.63825e-008,-0.00189535
5.65825e-008,-0.000127563
5.67825e-008,0.000756329
5.69825e-008,-0.00101146
5.71825e-008,-0.000127563
5.73825e-008,-0.00101146
5.75825e-008,-0.00189535
5.77825e-008,0.000756329
5.79825e-008,-0.000127563
5.81825e-008,-0.000127563
5.83825e-008,0.00164022
5.85825e-008,-0.000127563
5.87825e-008,0.000756329
5.89825e-008,0.00164022
5.91825e-008,0.00164022
5.93825e-008,0.000756329
5.95825e-008,-0.000127563
5.97825e-008,-0.000127563
5.99825e-008,-0.00189535
6.01825e-008,-0.000127563
6.03825e-008,-0.00189535
6.05825e-008,-0.00277924
6.07825e-008,0.000756329
6.09825e-008,-0.000127563
6.11825e-008,0.000756329
6.13825e-008,-0.000127563
6.15825e-008,-0.000127563
6.17825e-008,-0.000127563
6.19825e-008,-0.000127563
6.21825e-008,-0.00101146
6.23825e-008,-0.00189535
6.25825e-008,-0.000127563
6.27825e-008,-0.000127563
6.29825e-008,-0.000127563
6.31825e-008,0.000756329
6.33825e-008,-0.00101146
6.35825e-008,-0.00101146
6.37825e-008,-0.000127563
6.39825e-008,-0.00101146
6.41825e-008,-0.00189535
6.43825e-008,-0.00101146
6.45825e-008,-0.000127563
6.47825e-008,-0.00101146
6.49825e-008,0.000756329
6.51825e-008,0.00164022
6.53825e-008,-0.000127563
6.55825e-008,-0.00189535
6.57825e-008,-0.000127563
6.59825e-008,-0.000127563
6.61825e-008,0.000756329
6.63825e-008,-0.000127563
6.65825e-008,-0.00101146
6.67825e-008,-0.00101146
6.69825e-008,-0.00277924
6.71825e-008,-0.00454702
6.73825e-008,-0.00366313
6.75825e-008,-0.00631481
6.77825e-008,-0.00631481
6.79825e-008,-0.00454702
6.81825e-008,-0.00543092
6.83825e-008,-0.00631481
6.85825e-008,-0.0071987
6.87825e-008,-0.0071987
6.89825e-008,-0.00543092
6.91825e-008,-0.00454702
6.93825e-008,-0.00543092
6.95825e-008,-0.00543092
6.97825e-008,-0.00543092
6.99825e-008,-0.0071987
7.01825e-008,-0.00631481
7.03825e-008,-0.00543092
7.05825e-008,-0.00543092
7.07825e-008,-0.00277924
7.09825e-008,-0.00277924
7.11825e-008,-0.00189535
7.13825e-008,-0.00366313
7.15825e-008,-0.00277924
7.17825e-008,-0.00366313
7.19825e-008,-0.00454702
7.21825e-008,-0.00366313
7.23825e-008,-0.00189535
7.25825e-008,-0.00277924
7.27825e-008,-0.00454702
7.29825e-008,-0.00543092
7.31825e-008,-0.00543092
7.33825e-008,-0.00454702
7.35825e-008,-0.00277924
7.37825e-008,-0.00277924
7.39825e-008,-0.00101146
7.41825e-008,-0.00101146
7.43825e-008,-0.00277924
7.45825e-008,-0.000127563
7.47825e-008,0.000756329
7.49825e-008,-0.000127563
7.51825e-008,0.000756329
7.53825e-008,-0.00277924
7.55825e-008,-0.00366313
7.57825e-008,-0.00366313
7.59825e-008,-0.00189535
7.61825e-008,-0.00189535
7.63825e-008,-0.00189535
7.65825e-008,-0.00189535
7.67825e-008,-0.00189535
7.69825e-008,0.00164022
7.71825e-008,-0.000127563
7.73825e-008,-0.000127563
7.75825e-008,-0.000127563
7.77825e-008,-0.000127563
7.79825e-008,-0.00101146
7.81825e-008,-0.00101146
7.83825e-008,-0.00101146
7.85825e-008,-0.00277924
7.87825e-008,-0.00189535
7.89825e-008,-0.00101146
7.91825e-008,-0.00101146
7.93825e-008,-0.00101146
7.95825e-008,-0.000127563
7.97825e-008,-0.00101146
7.99825e-008,-0.00101146
8.01825e-008,-0.00101146
8.03825e-008,-0.00101146
8.05825e-008,-0.000127563
8.07825e-008,0.00164022
8.09825e-008,-0.000127563
8.11825e-008,0.000756329
8.13825e-008,-0.00101146
8.15825e-008,-0.00277924
8.17825e-008,-0.00189535
8.19825e-008,-0.000127563
8.21825e-008,-0.00101146
8.23825e-008,0.00164022
8.25825e-008,0.000756329
8.27825e-008,0.000756329
8.29825e-008,0.00164022
8.31825e-008,0.000756329
8.33825e-008,0.000756329
8.35825e-008,-0.000127563
8.37825e-008,-0.000127563
8.39825e-008,-0.000127563
8.41825e-008,-0.00189535
8.43825e-008,-0.00277924
8.45825e-008,-0.00277924
8.47825e-008,-0.00101146
8.49825e-008,-0.00189535
8.51825e-008,-0.00101146
8.53825e-008,-0.000127563
8.55825e-008,0.00164022
8.57825e-008,-0.000127563
8.59825e-008,0.003408
8.61825e-008,0.000756329
8.63825e-008,-0.000127563
8.65825e-008,-0.00101146
8.67825e-008,-0.00101146
8.69825e-008,-0.000127563
8.71825e-008,0.000756329
8.73825e-008,-0.00101146
8.75825e-008,-0.00101146
8.77825e-008,-0.00101146
8.79825e-008,0.000756329
8.81825e-008,0.00164022
8.83825e-008,0.00252411
8.85825e-008,0.000756329
8.87825e-008,0.00164022
8.89825e-008,0.00164022
8.91825e-008,0.000756329
8.93825e-008,-0.00101146
8.95825e-008,-0.000127563
8.97825e-008,-0.00101146
8.99825e-008,-0.00101146
9.01825e-008,-0.00189535
9.03825e-008,-0.00101146
9.05825e-008,-0.00101146
9.07825e-008,-0.00101146
9.09825e-008,0.000756329
9.11825e-008,-0.000127563
9.13825e-008,-0.000127563
9.15825e-008,0.000756329
9.17825e-008,-0.000127563
9.19825e-008,-0.000127563
9.21825e-008,-0.00189535
9.23825e-008,-0.00101146
9.25825e-008,-0.00101146
9.27825e-008,-0.00366313
9.29825e-008,-0.00101146
9.31825e-008,-0.00101146
9.33825e-008,-0.000127563
9.35825e-008,-0.00101146
9.37825e-008,0.00164022
9.39825e-008,-0.000127563
9.41825e-008,0.000756329
9.43825e-008,-0.000127563
9.45825e-008,-0.000127563
9.47825e-008,-0.00101146
9.49825e-008,-0.000127563
9.51825e-008,-0.000127563
9.53825e-008,0.000756329
9.55825e-008,-0.000127563
9.57825e-008,-0.00101146
9.59825e-008,-0.00189535
9.61825e-008,-0.000127563
9.63825e-008,-0.000127563
9.65825e-008,-0.000127563
9.67825e-008,0.00164022
9.69825e-008,-0.000127563
9.71825e-008,0.00164022
9.73825e-008,0.00164022
9.75825e-008,-0.00189535
9.77825e-008,-0.00101146
9.79825e-008,-0.00189535
9.81825e-008,-0.00277924
9.83825e-008,-0.00101146
9.85825e-008,-0.00101146
9.87825e-008,-0.000127563
9.89825e-008,0.00164022
9.91825e-008,0.003408
9.93825e-008,0.00164022
9.95825e-008,0.00164022
9.97825e-008,0.003408
9.99825e-008,0.000756329
1.00182e-007,-0.00101146
1.00382e-007,-0.000127563
1.00582e-007,-0.00277924
1.00782e-007,-0.00101146
1.00982e-007,-0.00189535
1.01182e-007,-0.00277924
1.01382e-007,-0.00189535
1.01582e-007,-0.00101146
1.01782e-007,-0.00101146
1.01982e-007,0.000756329
1.02182e-007,0.00164022
1.02382e-007,0.000756329
1.02582e-007,0.000756329
1.02782e-007,0.000756329
1.02982e-007,-0.000127563
1.03182e-007,-0.00101146
1.03382e-007,0.000756329
1.03582e-007,-0.000127563
1.03782e-007,-0.00101146
1.03982e-007,-0.00101146
1.04182e-007,-0.00101146
1.04382e-007,-0.00101146
1.04582e-007,0.000756329
1.04782e-007,0.000756329
1.04982e-007,0.000756329
1.05182e-007,0.00164022
1.05382e-007,0.000756329
1.05582e-007,-0.00101146
1.05782e-007,-0.00101146
1.05982e-007,-0.000127563
1.06182e-007,-0.00101146
1.06382e-007,-0.00101146
1.06582e-007,-0.000127563
1.06782e-007,-0.00101146
1.06982e-007,-0.00101146
1.07182e-007,-0.00101146
1.07382e-007,-0.000127563
1.07582e-007,-0.000127563
1.07782e-007,-0.000127563
1.07982e-007,0.000756329
1.08182e-007,0.00252411
1.08382e-007,0.000756329
1.08582e-007,-0.000127563
1.08782e-007,-0.00101146
1.08982e-007,-0.000127563
1.09182e-007,0.000756329
1.09382e-007,0.000756329
1.09582e-007,-0.00101146
1.09782e-007,-0.00101146
1.09982e-007,0.00164022
1.10182e-007,0.000756329
1.10382e-007,0.000756329
1.10582e-007,0.00164022
1.10782e-007,0.00164022
1.10982e-007,0.000756329
1.11182e-007,0.00164022
1.11382e-007,0.00164022
1.11582e-007,-0.000127563
1.11782e-007,-0.00189535
1.11982e-007,-0.00101146
1.12182e-007,-0.00277924
1.12382e-007,-0.00277924
1.12582e-007,-0.00101146
1.12782e-007,-0.00101146
1.12982e-007,0.000756329
1.13182e-007,0.000756329
1.13382e-007,0.000756329
1.13582e-007,0.00164022
1.13782e-007,0.000756329
1.13982e-007,0.00164022
1.14182e-007,0.00252411
1.14382e-007,0.000756329
1.14582e-007,-0.000127563
1.14782e-007,-0.000127563
1.14982e-007,-0.000127563
1.15182e-007,0.000756329
1.15382e-007,0.000756329
1.15582e-007,0.000756329
1.15782e-007,0.000756329
1.15982e-007,0.00164022
1.16182e-007,0.000756329
1.16382e-007,-0.000127563
1.16582e-007,-0.000127563
1.16782e-007,-0.000127563
1.16982e-007,0.000756329
1.17182e-007,-0.000127563
1.17382e-007,-0.00101146
1.17582e-007,-0.00101146
1.17782e-007,-0.000127563
1.17982e-007,0.000756329
1.18182e-007,-0.000127563
1.18382e-007,0.000756329
1.18582e-007,-0.00101146
1.18782e-007,-0.000127563
1.18982e-007,0.00164022
1.19182e-007,0.000756329
1.19382e-007,0.00164022
1.19582e-007,0.000756329
1.19782e-007,0.000756329
1.19982e-007,0.000756329
1.20182e-007,0.000756329
1.20382e-007,-0.000127563
1.20582e-007,-0.000127563
1.20782e-007,-0.00101146
1.20982e-007,-0.00101146
1.21182e-007,-0.000127563
1.21382e-007,-0.000127563
1.21582e-007,-0.00101146
1.21782e-007,-0.000127563
1.21982e-007,0.003408
1.22182e-007,0.00252411
1.22382e-007,0.000756329
1.22582e-007,0.000756329
1.22782e-007,-0.000127563
1.22982e-007,-0.000127563
1.23182e-007,-0.00101146
1.23382e-007,-0.00101146
1.23582e-007,-0.00101146
1.23782e-007,0.000756329
1.23982e-007,0.000756329
1.24182e-007,-0.00101146
1.24382e-007,-0.00101146
1.24582e-007,-0.000127563
1.24782e-007,-0.000127563
1.24982e-007,0.00164022
1.25182e-007,0.000756329
1.25382e-007,0.000756329
1.25582e-007,0.00164022
1.25782e-007,-0.000127563
1.25982e-007,-0.000127563
1.26182e-007,0.000756329
1.26382e-007,0.000756329
1.26582e-007,-0.00101146
1.26782e-007,0.000756329
1.26982e-007,-0.000127563
1.27182e-007,-0.000127563
1.27382e-007,0.00164022
1.27582e-007,0.000756329
1.27782e-007,-0.000127563
1.27982e-007,0.000756329
1.28182e-007,-0.00101146
1.28382e-007,-0.000127563
1.28582e-007,0.00164022
1.28782e-007,-0.000127563
1.28982e-007,-0.00189535
1.29182e-007,-0.00189535
1.29382e-007,-0.00101146
1.29582e-007,-0.00189535
1.29782e-007,-0.00189535
1.29982e-007,-0.00189535
1.30182e-007,-0.00101146
1.30382e-007,-0.00277924
1.30582e-007,-0.000127563
1.30782e-007,-0.00101146
1.30982e-007,0.000756329
1.31182e-007,0.000756329
1.31382e-007,-0.00101146
1.31582e-007,-0.00101146
1.31782e-007,0.000756329
1.31982e-007,-0.000127563
1.32182e-007,-0.000127563
1.32382e-007,-0.00101146
1.32582e-007,-0.00189535
1.32782e-007,0.00164022
1.32982e-007,-0.000127563
1.33182e-007,-0.00101146
1.33382e-007,-0.000127563
1.33582e-007,-0.000127563
1.33782e-007,0.00164022
1.33982e-007,0.000756329
1.34182e-007,-0.000127563
1.34382e-007,-0.000127563
1.34582e-007,0.000756329
1.34782e-007,0.000756329
1.34982e-007,-0.00101146
1.35182e-007,-0.00101146
1.35382e-007,-0.00189535
1.35582e-007,-0.00101146
1.35782e-007,-0.00277924
1.35982e-007,-0.00101146
1.36182e-007,-0.00101146
1.36382e-007,-0.000127563
1.36582e-007,0.00252411
1.36782e-007,-0.000127563
1.36982e-007,0.000756329
1.37182e-007,0.00164022
1.37382e-007,-0.000127563
1.37582e-007,-0.000127563
1.37782e-007,-0.00189535
1.37982e-007,-0.00101146
1.38182e-007,0.000756329
1.38382e-007,-0.000127563
1.38582e-007,0.000756329
1.38782e-007,0.00252411
1.38982e-007,0.00164022
1.39182e-007,-0.00101146
1.39382e-007,-0.00189535
1.39582e-007,-0.000127563
1.39782e-007,-0.00101146
1.39982e-007,-0.000127563
1.40182e-007,-0.000127563
1.40382e-007,-0.00101146
1.40582e-007,-0.00277924
1.40782e-007,-0.00189535
1.40982e-007,-0.00277924
1.41182e-007,-0.00101146
1.41382e-007,-0.00101146
1.41582e-007,-0.00189535
1.41782e-007,-0.00189535
1.41982e-007,-0.00101146
1.42182e-007,-0.00189535
1.42382e-007,-0.000127563
1.42582e-007,-0.000127563
1.42782e-007,-0.00101146
1.42982e-007,0.00164022
1.43182e-007,0.003408
1.43382e-007,0.00164022
1.43582e-007,-0.00189535
1.43782e-007,-0.00101146
1.43982e-007,-0.00189535
1.44182e-007,-0.00189535
1.44382e-007,-0.00277924
1.44582e-007,-0.00277924
1.44782e-007,-0.00189535
1.44982e-007,0.000756329
1.45182e-007,0.000756329
1.45382e-007,0.00164022
1.45582e-007,-0.000127563
1.45782e-007,-0.00101146
1.45982e-007,0.000756329
1.46182e-007,0.000756329
1.46382e-007,-0.000127563
1.46582e-007,0.000756329
1.46782e-007,-0.00101146
1.46982e-007,-0.00189535
1.47182e-007,-0.00189535
1.47382e-007,-0.000127563
1.47582e-007,-0.000127563
1.47782e-007,-0.00189535
1.47982e-007,-0.000127563
1.48182e-007,-0.00101146
1.48382e-007,0.000756329
1.48582e-007,0.000756329
1.48782e-007,0.00164022
1.48982e-007,0.000756329
1.49182e-007,0.000756329
1.49382e-007,-0.000127563
1.49582e-007,0.00164022
1.49782e-007,0.000756329
1.49982e-007,-0.000127563
1.50182e-007,0.000756329
1.50382e-007,0.000756329
1.50582e-007,0.000756329
1.50782e-007,0.00164022
1.50982e-007,0.00164022
1.51182e-007,0.000756329
1.51382e-007,0.000756329
1.51582e-007,-0.000127563
1.51782e-007,-0.000127563
1.51982e-007,-0.000127563
1.52182e-007,-0.00189535
1.52382e-007,-0.00101146
1.52582e-007,-0.00277924
1.52782e-007,-0.00189535
1.52982e-007,-0.00189535
1.53182e-007,-0.00189535
1.53382e-007,-0.000127563
1.53582e-007,0.00164022
1.53782e-007,0.00164022
1.53982e-007,-0.000127563
1.54182e-007,-0.00189535
1.54382e-007,-0.00101146
1.54582e-007,-0.000127563
1.54782e-007,-0.000127563
1.54982e-007,0.00164022
1.55182e-007,-0.000127563
1.55382e-007,-0.00189535
1.55582e-007,-0.000127563
1.55782e-007,-0.000127563
1.55982e-007,0.000756329
1.56182e-007,-0.00189535
1.56382e-007,-0.00101146
1.56582e-007,-0.00189535
1.56782e-007,-0.000127563
1.56982e-007,-0.000127563
1.57182e-007,-0.000127563
1.57382e-007,0.000756329
1.57582e-007,0.000756329
1.57782e-007,-0.00189535
1.57982e-007,-0.00277924
1.58182e-007,-0.00277924
1.58382e-007,-0.00101146
1.58582e-007,-0.00189535
1.58782e-007,-0.000127563
1.58982e-007,-0.000127563
1.59182e-007,0.000756329
1.59382e-007,-0.000127563
1.59582e-007,0.000756329
1.59782e-007,0.000756329
1.59982e-007,0.000756329
1.60182e-007,-0.000127563
1.60382e-007,0.00164022
1.60582e-007,-0.00101146
1.60782e-007,-0.000127563
1.60982e-007,0.000756329
1.61182e-007,-0.000127563
1.61382e-007,-0.000127563
1.61582e-007,0.000756329
1.61782e-007,0.00164022
1.61982e-007,0.00164022
1.62182e-007,0.000756329
1.62382e-007,-0.000127563
1.62582e-007,-0.00189535
1.62782e-007,-0.00366313
1.62982e-007,-0.00277924
1.63182e-007,-0.00277924
1.63382e-007,-0.000127563
1.63582e-007,-0.00101146
1.63782e-007,0.000756329
1.63982e-007,0.000756329
1.64182e-007,-0.00101146
1.64382e-007,-0.00101146
1.64582e-007,-0.00101146
1.64782e-007,-0.00101146
1.64982e-007,-0.00101146
1.65182e-007,0.000756329
1.65382e-007,-0.000127563
1.65582e-007,-0.00189535
1.65782e-007,0.00164022
1.65982e-007,-0.000127563
1.66182e-007,0.000756329
1.66382e-007,0.000756329
1.66582e-007,-0.000127563
1.66782e-007,0.000756329
1.66982e-007,0.000756329
1.67182e-007,-0.000127563
1.67382e-007,0.000756329
1.67582e-007,-0.000127563
1.67782e-007,-0.00189535
1.67982e-007,-0.00189535
1.68182e-007,-0.00101146
1.68382e-007,-0.00101146
1.68582e-007,-0.000127563
1.68782e-007,-0.00101146
1.68982e-007,-0.000127563
1.69182e-007,-0.00189535
1.69382e-007,-0.00101146
1.69582e-007,0.000756329
1.69782e-007,-0.000127563
1.69982e-007,0.00252411
1.70182e-007,0.000756329
1.70382e-007,0.00164022
1.70582e-007,0.00164022
1.70782e-007,0.000756329
1.70982e-007,-0.000127563
1.71182e-007,0.00252411
1.71382e-007,0.000756329
1.71582e-007,0.000756329
1.71782e-007,0.00164022
1.71982e-007,-0.000127563
1.72182e-007,-0.000127563
1.72382e-007,-0.00101146
1.72582e-007,-0.000127563
1.72782e-007,-0.00101146
1.72982e-007,-0.00277924
1.73182e-007,-0.000127563
1.73382e-007,-0.000127563
1.73582e-007,0.000756329
1.73782e-007,-0.000127563
1.73982e-007,-0.000127563
1.74182e-007,0.000756329
1.74382e-007,-0.000127563
1.74582e-007,0.000756329
1.74782e-007,0.00252411
1.74982e-007,0.000756329
1.75182e-007,0.00164022
1.75382e-007,0.00252411
1.75582e-007,0.000756329
1.75782e-007,0.00164022
1.75982e-007,0.00252411
1.76182e-007,0.000756329
1.76382e-007,0.000756329
1.76582e-007,0.000756329
1.76782e-007,0.000756329
1.76982e-007,0.000756329
1.77182e-007,0.00252411
1.77382e-007,-0.000127563
1.77582e-007,-0.00101146
1.77782e-007,-0.000127563
1.77982e-007,-0.000127563
1.78182e-007,-0.00189535
1.78382e-007,0.000756329
1.78582e-007,0.000756329
1.78782e-007,-0.00101146
1.78982e-007,-0.00101146
1.79182e-007,-0.00101146
1.79382e-007,0.000756329
1.79582e-007,0.000756329
1.79782e-007,-0.000127563
1.79982e-007,-0.00189535
1.80182e-007,-0.000127563
1.80382e-007,-0.000127563
1.80582e-007,-0.00101146
1.80782e-007,0.000756329
1.80982e-007,-0.00277924
1.81182e-007,-0.00366313
1.81382e-007,-0.00189535
1.81582e-007,-0.00101146
1.81782e-007,-0.00189535
1.81982e-007,0.000756329
1.82182e-007,0.000756329
1.82382e-007,0.000756329
1.82582e-007,0.000756329
1.82782e-007,-0.000127563
1.82982e-007,-0.000127563
1.83182e-007,-0.00101146
1.83382e-007,-0.000127563
1.83582e-007,0.000756329
1.83782e-007,0.00164022
1.83982e-007,-0.000127563
1.84182e-007,0.000756329
1.84382e-007,0.000756329
1.84582e-007,-0.000127563
1.84782e-007,-0.000127563
1.84982e-007,-0.000127563
1.85182e-007,-0.00101146
1.85382e-007,-0.00101146
1.85582e-007,-0.00101146
1.85782e-007,-0.00101146
1.85982e-007,-0.00101146
1.86182e-007,0.000756329
1.86382e-007,-0.00101146
1.86582e-007,0.000756329
1.86782e-007,0.000756329
1.86982e-007,0.000756329
1.87182e-007,-0.000127563
1.87382e-007,-0.00101146
1.87582e-007,-0.00277924
1.87782e-007,-0.00101146
1.87982e-007,0.00164022
1.88182e-007,-0.00101146
1.88382e-007,-0.00101146
1.88582e-007,-0.00189535
1.88782e-007,-0.00101146
1.88982e-007,-0.00101146
1.89182e-007,0.000756329
1.89382e-007,-0.00101146
1.89582e-007,-0.00189535
1.89782e-007,-0.000127563
1.89982e-007,-0.000127563
1.90182e-007,-0.00277924
1.90382e-007,-0.00189535
1.90582e-007,-0.00189535
