LECROYWR6050,144,Waveform
Segments,1,SegmentSize,1002
Segment,TrigTime,TimeSinceSegment1
#1,18-Jan-2002 23:32:48,0                 
Time,Ampl
-9.61504e-009,-0.00189535
-9.41504e-009,-0.000127563
-9.21504e-009,-0.00101146
-9.01504e-009,0.000756329
-8.81504e-009,0.003408
-8.61504e-009,0.000756329
-8.41504e-009,-0.00101146
-8.21504e-009,-0.00101146
-8.01504e-009,-0.000127563
-7.81504e-009,0.000756329
-7.61504e-009,-0.00101146
-7.41504e-009,-0.00101146
-7.21504e-009,-0.00189535
-7.01504e-009,-0.00189535
-6.81504e-009,-0.00189535
-6.61504e-009,-0.00189535
-6.41504e-009,-0.00101146
-6.21504e-009,0.000756329
-6.01504e-009,-0.00101146
-5.81504e-009,0.00252411
-5.61504e-009,-0.000127563
-5.41504e-009,-0.000127563
-5.21504e-009,-0.000127563
-5.01504e-009,-0.00101146
-4.81504e-009,-0.00101146
-4.61504e-009,0.000756329
-4.41504e-009,-0.00101146
-4.21504e-009,-0.00101146
-4.01504e-009,-0.00101146
-3.81504e-009,0.00164022
-3.61504e-009,0.00252411
-3.41504e-009,-0.000127563
-3.21504e-009,-0.00101146
-3.01504e-009,-0.00101146
-2.81504e-009,-0.000127563
-2.61504e-009,0.000756329
-2.41504e-009,-0.000127563
-2.21504e-009,0.000756329
-2.01504e-009,0.000756329
-1.81504e-009,-0.000127563
-1.61504e-009,0.00164022
-1.41504e-009,0.000756329
-1.21504e-009,0.000756329
-1.01504e-009,0.000756329
-8.15042e-010,0.000756329
-6.15042e-010,0.00164022
-4.15042e-010,0.00252411
-2.15042e-010,0.000756329
-1.50415e-011,-0.000127563
1.84958e-010,0.000756329
3.84958e-010,0.000756329
5.84958e-010,0.00164022
7.84958e-010,0.00164022
9.84958e-010,-0.000127563
1.18496e-009,-0.00101146
1.38496e-009,0.000756329
1.58496e-009,-0.000127563
1.78496e-009,0.000756329
1.98496e-009,0.00164022
2.18496e-009,0.000756329
2.38496e-009,0.000756329
2.58496e-009,0.00252411
2.78496e-009,0.000756329
2.98496e-009,-0.000127563
3.18496e-009,-0.00277924
3.38496e-009,-0.000127563
3.58496e-009,-0.000127563
3.78496e-009,-0.00101146
3.98496e-009,0.000756329
4.18496e-009,-0.00101146
4.38496e-009,-0.000127563
4.58496e-009,0.000756329
4.78496e-009,0.00252411
4.98496e-009,0.003408
5.18496e-009,0.000756329
5.38496e-009,-0.000127563
5.58496e-009,-0.000127563
5.78496e-009,0.000756329
5.98496e-009,0.00164022
6.18496e-009,0.00164022
6.38496e-009,0.000756329
6.58496e-009,-0.00101146
6.78496e-009,0.000756329
6.98496e-009,-0.000127563
7.18496e-009,-0.000127563
7.38496e-009,-0.000127563
7.58496e-009,-0.000127563
7.78496e-009,0.00164022
7.98496e-009,0.00164022
8.18496e-009,0.000756329
8.38496e-009,0.000756329
8.58496e-009,0.000756329
8.78496e-009,-0.00101146
8.98496e-009,-0.00101146
9.18496e-009,-0.00189535
9.38496e-009,-0.00101146
9.58496e-009,-0.000127563
9.78496e-009,0.00252411
9.98496e-009,0.00164022
1.0185e-008,0.000756329
1.0385e-008,-0.000127563
1.0585e-008,-0.000127563
1.0785e-008,-0.000127563
1.0985e-008,-0.000127563
1.1185e-008,-0.00101146
1.1385e-008,-0.000127563
1.1585e-008,-0.00101146
1.1785e-008,-0.00101146
1.1985e-008,-0.000127563
1.2185e-008,0.000756329
1.2385e-008,0.000756329
1.2585e-008,-0.000127563
1.2785e-008,0.00164022
1.2985e-008,0.000756329
1.3185e-008,0.00164022
1.3385e-008,0.00252411
1.3585e-008,0.00164022
1.3785e-008,0.000756329
1.3985e-008,0.00164022
1.4185e-008,-0.000127563
1.4385e-008,-0.00189535
1.4585e-008,-0.00101146
1.4785e-008,-0.00101146
1.4985e-008,-0.00189535
1.5185e-008,0.00164022
1.5385e-008,0.000756329
1.5585e-008,0.000756329
1.5785e-008,0.00252411
1.5985e-008,0.00164022
1.6185e-008,-0.000127563
1.6385e-008,0.000756329
1.6585e-008,-0.00101146
1.6785e-008,-0.00189535
1.6985e-008,-0.00101146
1.7185e-008,-0.000127563
1.7385e-008,-0.000127563
1.7585e-008,-0.000127563
1.7785e-008,-0.00101146
1.7985e-008,-0.00189535
1.8185e-008,-0.00101146
1.8385e-008,0.000756329
1.8585e-008,0.00164022
1.8785e-008,0.000756329
1.8985e-008,-0.000127563
1.9185e-008,-0.00189535
1.9385e-008,-0.00101146
1.9585e-008,-0.00189535
1.9785e-008,-0.00101146
1.9985e-008,-0.000127563
2.0185e-008,-0.00101146
2.0385e-008,-0.00277924
2.0585e-008,0.000756329
2.0785e-008,-0.000127563
2.0985e-008,0.000756329
2.1185e-008,0.00252411
2.1385e-008,0.00164022
2.1585e-008,0.000756329
2.1785e-008,0.00164022
2.1985e-008,0.000756329
2.2185e-008,-0.000127563
2.2385e-008,0.00164022
2.2585e-008,0.000756329
2.2785e-008,0.000756329
2.2985e-008,0.00164022
2.3185e-008,0.000756329
2.3385e-008,0.000756329
2.3585e-008,0.00164022
2.3785e-008,0.00252411
2.3985e-008,0.000756329
2.4185e-008,0.000756329
2.4385e-008,0.000756329
2.4585e-008,0.00164022
2.4785e-008,0.000756329
2.4985e-008,-0.000127563
2.5185e-008,-0.00101146
2.5385e-008,-0.000127563
2.5585e-008,0.000756329
2.5785e-008,0.000756329
2.5985e-008,0.00164022
2.6185e-008,-0.000127563
2.6385e-008,0.00164022
2.6585e-008,0.00164022
2.6785e-008,-0.000127563
2.6985e-008,-0.00101146
2.7185e-008,-0.00189535
2.7385e-008,-0.00189535
2.7585e-008,-0.00277924
2.7785e-008,-0.00101146
2.7985e-008,-0.00101146
2.8185e-008,-0.00189535
2.8385e-008,-0.000127563
2.8585e-008,-0.000127563
2.8785e-008,-0.000127563
2.8985e-008,0.00164022
2.9185e-008,-0.00101146
2.9385e-008,0.00164022
2.9585e-008,0.003408
2.9785e-008,0.00252411
2.9985e-008,0.00164022
3.0185e-008,-0.000127563
3.0385e-008,-0.00189535
3.0585e-008,-0.00101146
3.0785e-008,-0.00101146
3.0985e-008,0.000756329
3.1185e-008,-0.000127563
3.1385e-008,0.00164022
3.1585e-008,-0.00101146
3.1785e-008,-0.000127563
3.1985e-008,0.00252411
3.2185e-008,-0.000127563
3.2385e-008,0.000756329
3.2585e-008,0.003408
3.2785e-008,0.00164022
3.2985e-008,-0.00101146
3.3185e-008,0.00164022
3.3385e-008,0.000756329
3.3585e-008,-0.00101146
3.3785e-008,-0.00189535
3.3985e-008,0.000756329
3.4185e-008,-0.000127563
3.4385e-008,0.00252411
3.4585e-008,-0.000127563
3.4785e-008,-0.000127563
3.4985e-008,-0.000127563
3.5185e-008,-0.00101146
3.5385e-008,-0.00101146
3.5585e-008,-0.00101146
3.5785e-008,-0.00101146
3.5985e-008,-0.00101146
3.6185e-008,-0.00101146
3.6385e-008,-0.00101146
3.6585e-008,-0.000127563
3.6785e-008,-0.00101146
3.6985e-008,-0.000127563
3.7185e-008,-0.00101146
3.7385e-008,0.00164022
3.7585e-008,0.00164022
3.7785e-008,0.00164022
3.7985e-008,0.00252411
3.8185e-008,-0.000127563
3.8385e-008,-0.00101146
3.8585e-008,0.00164022
3.8785e-008,0.000756329
3.8985e-008,-0.000127563
3.9185e-008,0.000756329
3.9385e-008,0.000756329
3.9585e-008,-0.000127563
3.9785e-008,0.000756329
3.9985e-008,-0.000127563
4.0185e-008,0.000756329
4.0385e-008,0.000756329
4.0585e-008,0.000756329
4.0785e-008,-0.000127563
4.0985e-008,0.000756329
4.1185e-008,-0.000127563
4.1385e-008,-0.00101146
4.1585e-008,0.000756329
4.1785e-008,0.000756329
4.1985e-008,0.000756329
4.2185e-008,0.000756329
4.2385e-008,-0.000127563
4.2585e-008,0.000756329
4.2785e-008,-0.000127563
4.2985e-008,-0.00101146
4.3185e-008,-0.00101146
4.3385e-008,-0.000127563
4.3585e-008,0.000756329
4.3785e-008,0.000756329
4.3985e-008,0.00164022
4.4185e-008,-0.000127563
4.4385e-008,-0.00101146
4.4585e-008,-0.000127563
4.4785e-008,-0.000127563
4.4985e-008,-0.00101146
4.5185e-008,0.000756329
4.5385e-008,-0.000127563
4.5585e-008,-0.000127563
4.5785e-008,0.000756329
4.5985e-008,-0.00101146
4.6185e-008,-0.00101146
4.6385e-008,0.00164022
4.6585e-008,-0.000127563
4.6785e-008,-0.000127563
4.6985e-008,0.00164022
4.7185e-008,0.000756329
4.7385e-008,-0.000127563
4.7585e-008,0.000756329
4.7785e-008,-0.000127563
4.7985e-008,-0.00101146
4.8185e-008,0.000756329
4.8385e-008,-0.00101146
4.8585e-008,-0.00101146
4.8785e-008,0.000756329
4.8985e-008,-0.00101146
4.9185e-008,-0.000127563
4.9385e-008,0.000756329
4.9585e-008,-0.000127563
4.9785e-008,-0.00101146
4.9985e-008,0.000756329
5.0185e-008,0.000756329
5.0385e-008,0.000756329
5.0585e-008,0.003408
5.0785e-008,0.000756329
5.0985e-008,-0.00101146
5.1185e-008,0.000756329
5.1385e-008,-0.00101146
5.1585e-008,-0.00189535
5.1785e-008,-0.00101146
5.1985e-008,0.000756329
5.2185e-008,-0.000127563
5.2385e-008,0.00252411
5.2585e-008,-0.000127563
5.2785e-008,-0.000127563
5.2985e-008,0.00164022
5.3185e-008,0.000756329
5.3385e-008,-0.00101146
5.3585e-008,-0.000127563
5.3785e-008,-0.000127563
5.3985e-008,-0.00101146
5.4185e-008,0.000756329
5.4385e-008,-0.00101146
5.4585e-008,-0.00101146
5.4785e-008,-0.000127563
5.4985e-008,-0.000127563
5.5185e-008,-0.00101146
5.5385e-008,-0.000127563
5.5585e-008,-0.00101146
5.5785e-008,-0.00189535
5.5985e-008,-0.00189535
5.6185e-008,-0.000127563
5.6385e-008,0.000756329
5.6585e-008,0.003408
5.6785e-008,0.00164022
5.6985e-008,0.000756329
5.7185e-008,0.00252411
5.7385e-008,-0.000127563
5.7585e-008,0.000756329
5.7785e-008,0.00164022
5.7985e-008,-0.000127563
5.8185e-008,0.000756329
5.8385e-008,0.000756329
5.8585e-008,0.000756329
5.8785e-008,-0.000127563
5.8985e-008,-0.00101146
5.9185e-008,-0.00101146
5.9385e-008,-0.000127563
5.9585e-008,-0.000127563
5.9785e-008,-0.00101146
5.9985e-008,-0.00277924
6.0185e-008,-0.00189535
6.0385e-008,-0.00101146
6.0585e-008,-0.000127563
6.0785e-008,0.00164022
6.0985e-008,0.000756329
6.1185e-008,-0.000127563
6.1385e-008,0.000756329
6.1585e-008,0.003408
6.1785e-008,0.000756329
6.1985e-008,0.00252411
6.2185e-008,-0.00101146
6.2385e-008,-0.000127563
6.2585e-008,0.00164022
6.2785e-008,-0.000127563
6.2985e-008,0.00164022
6.3185e-008,0.00252411
6.3385e-008,0.000756329
6.3585e-008,-0.000127563
6.3785e-008,-0.000127563
6.3985e-008,-0.000127563
6.4185e-008,-0.000127563
6.4385e-008,-0.00189535
6.4585e-008,-0.000127563
6.4785e-008,-0.00101146
6.4985e-008,0.00164022
6.5185e-008,0.000756329
6.5385e-008,-0.000127563
6.5585e-008,-0.00101146
6.5785e-008,-0.00189535
6.5985e-008,-0.00101146
6.6185e-008,0.000756329
6.6385e-008,0.000756329
6.6585e-008,-0.00101146
6.6785e-008,-0.00189535
6.6985e-008,-0.00454702
6.7185e-008,-0.00631481
6.7385e-008,-0.00454702
6.7585e-008,-0.00454702
6.7785e-008,-0.00366313
6.7985e-008,-0.00454702
6.8185e-008,-0.00631481
6.8385e-008,-0.00543092
6.8585e-008,-0.00454702
6.8785e-008,-0.00454702
6.8985e-008,-0.00366313
6.9185e-008,-0.00366313
6.9385e-008,-0.00277924
6.9585e-008,-0.00543092
6.9785e-008,-0.00543092
6.9985e-008,-0.0071987
7.0185e-008,-0.0071987
7.0385e-008,-0.00543092
7.0585e-008,-0.00366313
7.0785e-008,-0.00277924
7.0985e-008,-0.00277924
7.1185e-008,-0.00101146
7.1385e-008,-0.000127563
7.1585e-008,-0.000127563
7.1785e-008,-0.00189535
7.1985e-008,-0.00366313
7.2185e-008,-0.00277924
7.2385e-008,-0.00631481
7.2585e-008,-0.00631481
7.2785e-008,-0.00631481
7.2985e-008,-0.00631481
7.3185e-008,-0.00366313
7.3385e-008,-0.00189535
7.3585e-008,0.000756329
7.3785e-008,-0.000127563
7.3985e-008,0.00164022
7.4185e-008,0.000756329
7.4385e-008,-0.000127563
7.4585e-008,-0.00101146
7.4785e-008,-0.00101146
7.4985e-008,-0.000127563
7.5185e-008,-0.00277924
7.5385e-008,-0.00277924
7.5585e-008,-0.00366313
7.5785e-008,-0.00454702
7.5985e-008,-0.00277924
7.6185e-008,-0.00101146
7.6385e-008,0.00164022
7.6585e-008,0.000756329
7.6785e-008,-0.000127563
7.6985e-008,0.000756329
7.7185e-008,0.000756329
7.7385e-008,0.000756329
7.7585e-008,0.00252411
7.7785e-008,-0.000127563
7.7985e-008,-0.000127563
7.8185e-008,-0.00189535
7.8385e-008,-0.00277924
7.8585e-008,-0.00277924
7.8785e-008,0.000756329
7.8985e-008,0.00164022
7.9185e-008,0.00164022
7.9385e-008,0.000756329
7.9585e-008,-0.00189535
7.9785e-008,-0.00101146
7.9985e-008,0.00164022
8.0185e-008,0.000756329
8.0385e-008,-0.000127563
8.0585e-008,0.00164022
8.0785e-008,0.000756329
8.0985e-008,-0.000127563
8.1185e-008,-0.000127563
8.1385e-008,-0.00277924
8.1585e-008,-0.00189535
8.1785e-008,-0.00101146
8.1985e-008,-0.00189535
8.2185e-008,-0.00189535
8.2385e-008,0.000756329
8.2585e-008,-0.000127563
8.2785e-008,-0.000127563
8.2985e-008,-0.00101146
8.3185e-008,-0.00101146
8.3385e-008,-0.000127563
8.3585e-008,-0.00189535
8.3785e-008,-0.00101146
8.3985e-008,-0.000127563
8.4185e-008,0.000756329
8.4385e-008,0.000756329
8.4585e-008,-0.00101146
8.4785e-008,0.000756329
8.4985e-008,0.000756329
8.5185e-008,0.00164022
8.5385e-008,0.00164022
8.5585e-008,-0.000127563
8.5785e-008,-0.00101146
8.5985e-008,0.00164022
8.6185e-008,0.000756329
8.6385e-008,-0.000127563
8.6585e-008,-0.00189535
8.6785e-008,-0.00277924
8.6985e-008,-0.00189535
8.7185e-008,-0.00189535
8.7385e-008,-0.000127563
8.7585e-008,-0.00101146
8.7785e-008,0.00164022
8.7985e-008,0.00164022
8.8185e-008,0.000756329
8.8385e-008,-0.000127563
8.8585e-008,0.000756329
8.8785e-008,-0.000127563
8.8985e-008,0.000756329
8.9185e-008,-0.00101146
8.9385e-008,0.000756329
8.9585e-008,0.00164022
8.9785e-008,-0.000127563
8.9985e-008,-0.000127563
9.0185e-008,0.000756329
9.0385e-008,0.000756329
9.0585e-008,0.000756329
9.0785e-008,0.000756329
9.0985e-008,-0.000127563
9.1185e-008,-0.00101146
9.1385e-008,-0.00101146
9.1585e-008,0.000756329
9.1785e-008,-0.00101146
9.1985e-008,-0.000127563
9.2185e-008,-0.00189535
9.2385e-008,-0.00101146
9.2585e-008,0.000756329
9.2785e-008,-0.000127563
9.2985e-008,0.000756329
9.3185e-008,0.00252411
9.3385e-008,0.00164022
9.3585e-008,0.00252411
9.3785e-008,0.0042919
9.3985e-008,0.00252411
9.4185e-008,0.000756329
9.4385e-008,0.000756329
9.4585e-008,0.000756329
9.4785e-008,-0.000127563
9.4985e-008,0.00252411
9.5185e-008,-0.000127563
9.5385e-008,0.000756329
9.5585e-008,-0.00101146
9.5785e-008,-0.000127563
9.5985e-008,-0.000127563
9.6185e-008,0.003408
9.6385e-008,0.0042919
9.6585e-008,0.003408
9.6785e-008,0.003408
9.6985e-008,0.00252411
9.7185e-008,0.000756329
9.7385e-008,0.000756329
9.7585e-008,-0.00101146
9.7785e-008,-0.00189535
9.7985e-008,-0.00189535
9.8185e-008,-0.00101146
9.8385e-008,-0.00101146
9.8585e-008,0.00252411
9.8785e-008,0.00164022
9.8985e-008,0.000756329
9.9185e-008,0.000756329
9.9385e-008,-0.00101146
9.9585e-008,-0.000127563
9.9785e-008,0.000756329
9.9985e-008,0.000756329
1.00185e-007,-0.000127563
1.00385e-007,0.00164022
1.00585e-007,0.000756329
1.00785e-007,-0.00101146
1.00985e-007,0.000756329
1.01185e-007,0.000756329
1.01385e-007,0.000756329
1.01585e-007,0.00252411
1.01785e-007,0.00164022
1.01985e-007,0.00164022
1.02185e-007,-0.000127563
1.02385e-007,-0.000127563
1.02585e-007,-0.000127563
1.02785e-007,-0.000127563
1.02985e-007,0.00252411
1.03185e-007,0.000756329
1.03385e-007,0.00164022
1.03585e-007,0.00164022
1.03785e-007,-0.000127563
1.03985e-007,-0.000127563
1.04185e-007,-0.00189535
1.04385e-007,-0.00277924
1.04585e-007,-0.00189535
1.04785e-007,-0.00101146
1.04985e-007,0.000756329
1.05185e-007,0.00252411
1.05385e-007,0.000756329
1.05585e-007,-0.000127563
1.05785e-007,0.000756329
1.05985e-007,0.000756329
1.06185e-007,0.000756329
1.06385e-007,0.00252411
1.06585e-007,-0.000127563
1.06785e-007,-0.000127563
1.06985e-007,-0.000127563
1.07185e-007,-0.000127563
1.07385e-007,-0.000127563
1.07585e-007,0.000756329
1.07785e-007,-0.000127563
1.07985e-007,-0.000127563
1.08185e-007,-0.00101146
1.08385e-007,0.000756329
1.08585e-007,-0.00101146
1.08785e-007,0.000756329
1.08985e-007,-0.000127563
1.09185e-007,0.00252411
1.09385e-007,0.00252411
1.09585e-007,0.00164022
1.09785e-007,-0.000127563
1.09985e-007,0.000756329
1.10185e-007,-0.00277924
1.10385e-007,-0.00101146
1.10585e-007,-0.00101146
1.10785e-007,-0.00101146
1.10985e-007,-0.000127563
1.11185e-007,0.00252411
1.11385e-007,0.00252411
1.11585e-007,-0.000127563
1.11785e-007,0.000756329
1.11985e-007,-0.00101146
1.12185e-007,-0.00101146
1.12385e-007,-0.000127563
1.12585e-007,-0.000127563
1.12785e-007,0.000756329
1.12985e-007,0.00164022
1.13185e-007,0.000756329
1.13385e-007,-0.000127563
1.13585e-007,-0.000127563
1.13785e-007,-0.000127563
1.13985e-007,-0.000127563
1.14185e-007,0.00164022
1.14385e-007,0.00164022
1.14585e-007,0.00164022
1.14785e-007,0.000756329
1.14985e-007,-0.00101146
1.15185e-007,-0.00189535
1.15385e-007,-0.00189535
1.15585e-007,-0.00189535
1.15785e-007,-0.00101146
1.15985e-007,0.00252411
1.16185e-007,0.003408
1.16385e-007,0.00164022
1.16585e-007,0.000756329
1.16785e-007,-0.000127563
1.16985e-007,-0.000127563
1.17185e-007,0.000756329
1.17385e-007,0.000756329
1.17585e-007,0.00164022
1.17785e-007,0.00164022
1.17985e-007,0.000756329
1.18185e-007,-0.00101146
1.18385e-007,-0.00189535
1.18585e-007,-0.00101146
1.18785e-007,-0.00101146
1.18985e-007,-0.000127563
1.19185e-007,0.000756329
1.19385e-007,0.00164022
1.19585e-007,0.003408
1.19785e-007,0.00164022
1.19985e-007,-0.00101146
1.20185e-007,-0.000127563
1.20385e-007,-0.00101146
1.20585e-007,-0.00101146
1.20785e-007,-0.00189535
1.20985e-007,-0.00189535
1.21185e-007,-0.00189535
1.21385e-007,-0.00189535
1.21585e-007,-0.000127563
1.21785e-007,-0.000127563
1.21985e-007,0.000756329
1.22185e-007,0.00252411
1.22385e-007,0.000756329
1.22585e-007,0.00164022
1.22785e-007,0.000756329
1.22985e-007,-0.000127563
1.23185e-007,0.000756329
1.23385e-007,-0.00101146
1.23585e-007,-0.00101146
1.23785e-007,-0.00189535
1.23985e-007,-0.00189535
1.24185e-007,-0.00189535
1.24385e-007,0.000756329
1.24585e-007,0.00252411
1.24785e-007,0.000756329
1.24985e-007,0.00252411
1.25185e-007,-0.000127563
1.25385e-007,-0.000127563
1.25585e-007,0.000756329
1.25785e-007,0.00252411
1.25985e-007,-0.000127563
1.26185e-007,0.00164022
1.26385e-007,0.000756329
1.26585e-007,-0.00101146
1.26785e-007,-0.000127563
1.26985e-007,-0.00101146
1.27185e-007,-0.00101146
1.27385e-007,-0.00101146
1.27585e-007,0.000756329
1.27785e-007,-0.000127563
1.27985e-007,0.00252411
1.28185e-007,0.00252411
1.28385e-007,0.00164022
1.28585e-007,0.00252411
1.28785e-007,-0.00101146
1.28985e-007,-0.00101146
1.29185e-007,-0.00101146
1.29385e-007,0.000756329
1.29585e-007,0.00164022
1.29785e-007,0.00164022
1.29985e-007,-0.000127563
1.30185e-007,0.000756329
1.30385e-007,0.00164022
1.30585e-007,-0.00101146
1.30785e-007,-0.000127563
1.30985e-007,-0.00189535
1.31185e-007,-0.00189535
1.31385e-007,-0.00189535
1.31585e-007,0.000756329
1.31785e-007,0.000756329
1.31985e-007,0.00164022
1.32185e-007,0.000756329
1.32385e-007,-0.00101146
1.32585e-007,-0.00101146
1.32785e-007,0.000756329
1.32985e-007,0.00164022
1.33185e-007,0.000756329
1.33385e-007,0.0042919
1.33585e-007,0.00164022
1.33785e-007,0.00164022
1.33985e-007,0.000756329
1.34185e-007,-0.000127563
1.34385e-007,0.000756329
1.34585e-007,0.00252411
1.34785e-007,-0.000127563
1.34985e-007,-0.00189535
1.35185e-007,-0.000127563
1.35385e-007,-0.00101146
1.35585e-007,-0.000127563
1.35785e-007,0.00164022
1.35985e-007,0.00252411
1.36185e-007,0.00164022
1.36385e-007,0.000756329
1.36585e-007,-0.000127563
1.36785e-007,-0.00101146
1.36985e-007,-0.00101146
1.37185e-007,-0.000127563
1.37385e-007,-0.00101146
1.37585e-007,-0.000127563
1.37785e-007,-0.000127563
1.37985e-007,-0.00189535
1.38185e-007,0.00164022
1.38385e-007,0.000756329
1.38585e-007,0.00164022
1.38785e-007,0.000756329
1.38985e-007,-0.000127563
1.39185e-007,0.000756329
1.39385e-007,0.00164022
1.39585e-007,-0.000127563
1.39785e-007,-0.00189535
1.39985e-007,-0.000127563
1.40185e-007,-0.00101146
1.40385e-007,-0.000127563
1.40585e-007,-0.000127563
1.40785e-007,0.00164022
1.40985e-007,0.000756329
1.41185e-007,0.000756329
1.41385e-007,0.0042919
1.41585e-007,0.000756329
1.41785e-007,0.00252411
1.41985e-007,0.000756329
1.42185e-007,-0.00101146
1.42385e-007,0.00164022
1.42585e-007,-0.000127563
1.42785e-007,-0.000127563
1.42985e-007,0.00164022
1.43185e-007,0.00164022
1.43385e-007,-0.000127563
1.43585e-007,-0.00189535
1.43785e-007,-0.000127563
1.43985e-007,-0.000127563
1.44185e-007,0.000756329
1.44385e-007,0.00164022
1.44585e-007,0.00252411
1.44785e-007,0.00252411
1.44985e-007,0.00164022
1.45185e-007,-0.00101146
1.45385e-007,0.000756329
1.45585e-007,-0.000127563
1.45785e-007,-0.00101146
1.45985e-007,0.000756329
1.46185e-007,0.000756329
1.46385e-007,0.00164022
1.46585e-007,0.00252411
1.46785e-007,0.000756329
1.46985e-007,0.000756329
1.47185e-007,0.00164022
1.47385e-007,0.000756329
1.47585e-007,-0.00101146
1.47785e-007,0.000756329
1.47985e-007,0.00164022
1.48185e-007,-0.000127563
1.48385e-007,-0.00101146
1.48585e-007,-0.000127563
1.48785e-007,-0.00101146
1.48985e-007,0.000756329
1.49185e-007,-0.000127563
1.49385e-007,-0.00101146
1.49585e-007,0.00164022
1.49785e-007,0.003408
1.49985e-007,-0.000127563
1.50185e-007,-0.000127563
1.50385e-007,-0.00101146
1.50585e-007,-0.000127563
1.50785e-007,-0.00101146
1.50985e-007,-0.00101146
1.51185e-007,-0.00189535
1.51385e-007,0.00164022
1.51585e-007,0.00164022
1.51785e-007,-0.000127563
1.51985e-007,0.000756329
1.52185e-007,-0.00101146
1.52385e-007,-0.00189535
1.52585e-007,-0.00277924
1.52785e-007,-0.00101146
1.52985e-007,-0.000127563
1.53185e-007,0.00164022
1.53385e-007,-0.00101146
1.53585e-007,-0.000127563
1.53785e-007,0.000756329
1.53985e-007,-0.000127563
1.54185e-007,0.000756329
1.54385e-007,0.00164022
1.54585e-007,0.00164022
1.54785e-007,-0.000127563
1.54985e-007,-0.000127563
1.55185e-007,-0.000127563
1.55385e-007,-0.00101146
1.55585e-007,0.000756329
1.55785e-007,-0.00101146
1.55985e-007,-0.000127563
1.56185e-007,0.000756329
1.56385e-007,0.000756329
1.56585e-007,0.000756329
1.56785e-007,-0.000127563
1.56985e-007,0.00164022
1.57185e-007,0.00164022
1.57385e-007,0.00252411
1.57585e-007,0.00252411
1.57785e-007,0.000756329
1.57985e-007,0.00252411
1.58185e-007,0.000756329
1.58385e-007,-0.00101146
1.58585e-007,-0.00101146
1.58785e-007,-0.00366313
1.58985e-007,-0.00189535
1.59185e-007,0.00164022
1.59385e-007,0.00252411
1.59585e-007,0.000756329
1.59785e-007,0.00252411
1.59985e-007,-0.000127563
1.60185e-007,-0.000127563
1.60385e-007,0.000756329
1.60585e-007,0.00252411
1.60785e-007,-0.00101146
1.60985e-007,0.000756329
1.61185e-007,-0.000127563
1.61385e-007,-0.000127563
1.61585e-007,0.00164022
1.61785e-007,0.000756329
1.61985e-007,-0.000127563
1.62185e-007,0.00164022
1.62385e-007,0.00164022
1.62585e-007,0.000756329
1.62785e-007,0.000756329
1.62985e-007,-0.000127563
1.63185e-007,-0.00101146
1.63385e-007,-0.00189535
1.63585e-007,-0.00101146
1.63785e-007,-0.00277924
1.63985e-007,-0.000127563
1.64185e-007,-0.00189535
1.64385e-007,-0.00101146
1.64585e-007,0.00164022
1.64785e-007,0.000756329
1.64985e-007,-0.00189535
1.65185e-007,0.000756329
1.65385e-007,-0.000127563
1.65585e-007,-0.000127563
1.65785e-007,0.00164022
1.65985e-007,-0.00101146
1.66185e-007,0.000756329
1.66385e-007,-0.00189535
1.66585e-007,-0.00101146
1.66785e-007,-0.00101146
1.66985e-007,-0.00189535
1.67185e-007,-0.00189535
1.67385e-007,-0.00189535
1.67585e-007,0.00164022
1.67785e-007,0.0042919
1.67985e-007,0.00164022
1.68185e-007,0.00164022
1.68385e-007,-0.00101146
1.68585e-007,-0.000127563
1.68785e-007,-0.000127563
1.68985e-007,0.00164022
1.69185e-007,-0.00101146
1.69385e-007,0.00164022
1.69585e-007,0.000756329
1.69785e-007,0.000756329
1.69985e-007,0.000756329
1.70185e-007,-0.00101146
1.70385e-007,0.000756329
1.70585e-007,0.00252411
1.70785e-007,0.000756329
1.70985e-007,-0.000127563
1.71185e-007,-0.000127563
1.71385e-007,-0.00101146
1.71585e-007,-0.00101146
1.71785e-007,0.000756329
1.71985e-007,0.000756329
1.72185e-007,0.000756329
1.72385e-007,0.00164022
1.72585e-007,-0.000127563
1.72785e-007,0.000756329
1.72985e-007,0.00252411
1.73185e-007,0.00164022
1.73385e-007,0.00164022
1.73585e-007,0.00164022
1.73785e-007,0.000756329
1.73985e-007,-0.000127563
1.74185e-007,-0.000127563
1.74385e-007,-0.000127563
1.74585e-007,-0.00189535
1.74785e-007,-0.00101146
1.74985e-007,0.000756329
1.75185e-007,0.00164022
1.75385e-007,0.00164022
1.75585e-007,0.00252411
1.75785e-007,-0.000127563
1.75985e-007,0.00164022
1.76185e-007,-0.000127563
1.76385e-007,0.000756329
1.76585e-007,0.00164022
1.76785e-007,0.000756329
1.76985e-007,0.000756329
1.77185e-007,-0.00101146
1.77385e-007,-0.000127563
1.77585e-007,-0.00101146
1.77785e-007,0.000756329
1.77985e-007,-0.000127563
1.78185e-007,0.000756329
1.78385e-007,0.00164022
1.78585e-007,-0.00101146
1.78785e-007,-0.00101146
1.78985e-007,0.000756329
1.79185e-007,-0.000127563
1.79385e-007,-0.000127563
1.79585e-007,-0.00101146
1.79785e-007,-0.00189535
1.79985e-007,-0.00101146
1.80185e-007,0.00164022
1.80385e-007,0.00164022
1.80585e-007,0.000756329
1.80785e-007,0.000756329
1.80985e-007,0.000756329
1.81185e-007,0.000756329
1.81385e-007,0.000756329
1.81585e-007,0.00164022
1.81785e-007,-0.000127563
1.81985e-007,-0.000127563
1.82185e-007,-0.00189535
1.82385e-007,-0.00189535
1.82585e-007,-0.00101146
1.82785e-007,0.000756329
1.82985e-007,0.000756329
1.83185e-007,0.000756329
1.83385e-007,-0.000127563
1.83585e-007,0.000756329
1.83785e-007,0.00164022
1.83985e-007,-0.000127563
1.84185e-007,-0.000127563
1.84385e-007,-0.00101146
1.84585e-007,0.000756329
1.84785e-007,0.00164022
1.84985e-007,-0.00101146
1.85185e-007,-0.00101146
1.85385e-007,-0.00101146
1.85585e-007,-0.000127563
1.85785e-007,0.000756329
1.85985e-007,-0.00101146
1.86185e-007,-0.00189535
1.86385e-007,-0.00189535
1.86585e-007,-0.000127563
1.86785e-007,-0.000127563
1.86985e-007,-0.00277924
1.87185e-007,-0.00189535
1.87385e-007,-0.000127563
1.87585e-007,-0.00101146
1.87785e-007,-0.000127563
1.87985e-007,0.00252411
1.88185e-007,0.00252411
1.88385e-007,0.000756329
1.88585e-007,0.000756329
1.88785e-007,-0.000127563
1.88985e-007,0.00252411
1.89185e-007,0.003408
1.89385e-007,0.00164022
1.89585e-007,0.00164022
1.89785e-007,0.00164022
1.89985e-007,0.000756329
1.90185e-007,-0.000127563
1.90385e-007,-0.00101146
1.90585e-007,-0.000127563
