LECROYWR6050,144,Waveform
Segments,1,SegmentSize,1002
Segment,TrigTime,TimeSinceSegment1
#1,17-Jan-2002 00:17:29,0                 
Time,Ampl
-3.48538e-008,0.000284542
-3.46538e-008,0.00116843
-3.44538e-008,0.000284542
-3.42538e-008,0.000284542
-3.40538e-008,0.000284542
-3.38538e-008,0.000284542
-3.36538e-008,0.00116843
-3.34538e-008,0.00116843
-3.32538e-008,-0.000599349
-3.30538e-008,0.00116843
-3.28538e-008,0.00116843
-3.26538e-008,0.00205233
-3.24538e-008,0.000284542
-3.22538e-008,-0.00236713
-3.20538e-008,-0.00236713
-3.18538e-008,-0.000599349
-3.16538e-008,-0.000599349
-3.14538e-008,-0.000599349
-3.12538e-008,0.000284542
-3.10538e-008,0.00116843
-3.08538e-008,-0.000599349
-3.06538e-008,-0.000599349
-3.04538e-008,-0.000599349
-3.02538e-008,-0.00236713
-3.00538e-008,-0.000599349
-2.98538e-008,0.00205233
-2.96538e-008,0.00116843
-2.94538e-008,0.00205233
-2.92538e-008,-0.000599349
-2.90538e-008,-0.00236713
-2.88538e-008,0.000284542
-2.86538e-008,-0.000599349
-2.84538e-008,0.00116843
-2.82538e-008,0.00116843
-2.80538e-008,0.00116843
-2.78538e-008,-0.000599349
-2.76538e-008,0.000284542
-2.74538e-008,-0.000599349
-2.72538e-008,-0.000599349
-2.70538e-008,-0.000599349
-2.68538e-008,0.000284542
-2.66538e-008,0.00116843
-2.64538e-008,0.000284542
-2.62538e-008,-0.000599349
-2.60538e-008,0.000284542
-2.58538e-008,0.000284542
-2.56538e-008,-0.00236713
-2.54538e-008,-0.000599349
-2.52538e-008,-0.000599349
-2.50538e-008,0.00116843
-2.48538e-008,-0.000599349
-2.46538e-008,-0.000599349
-2.44538e-008,-0.000599349
-2.42538e-008,0.00116843
-2.40538e-008,-0.000599349
-2.38538e-008,0.00205233
-2.36538e-008,0.00116843
-2.34538e-008,0.00293622
-2.32538e-008,0.00205233
-2.30538e-008,0.00205233
-2.28538e-008,0.00205233
-2.26538e-008,0.00205233
-2.24538e-008,0.00116843
-2.22538e-008,0.000284542
-2.20538e-008,-0.000599349
-2.18538e-008,-0.000599349
-2.16538e-008,0.000284542
-2.14538e-008,0.00116843
-2.12538e-008,0.00116843
-2.10538e-008,0.00205233
-2.08538e-008,0.000284542
-2.06538e-008,0.00116843
-2.04538e-008,-0.000599349
-2.02538e-008,0.000284542
-2.00538e-008,0.00116843
-1.98538e-008,0.00116843
-1.96538e-008,0.00205233
-1.94538e-008,0.000284542
-1.92538e-008,0.00116843
-1.90538e-008,0.00205233
-1.88538e-008,-0.000599349
-1.86538e-008,0.000284542
-1.84538e-008,-0.00148324
-1.82538e-008,-0.000599349
-1.80538e-008,-0.000599349
-1.78538e-008,-0.000599349
-1.76538e-008,0.000284542
-1.74538e-008,0.000284542
-1.72538e-008,0.00116843
-1.70538e-008,-0.000599349
-1.68538e-008,-0.000599349
-1.66538e-008,-0.000599349
-1.64538e-008,-0.00148324
-1.62538e-008,0.00116843
-1.60538e-008,0.00116843
-1.58538e-008,0.00116843
-1.56538e-008,0.004704
-1.54538e-008,0.00293622
-1.52538e-008,0.00116843
-1.50538e-008,0.000284542
-1.48538e-008,0.00116843
-1.46538e-008,0.000284542
-1.44538e-008,-0.000599349
-1.42538e-008,-0.000599349
-1.40538e-008,0.000284542
-1.38538e-008,-0.00148324
-1.36538e-008,-0.000599349
-1.34538e-008,0.000284542
-1.32538e-008,0.000284542
-1.30538e-008,0.000284542
-1.28538e-008,0.00205233
-1.26538e-008,0.00382011
-1.24538e-008,0.00205233
-1.22538e-008,0.00205233
-1.20538e-008,0.00116843
-1.18538e-008,-0.000599349
-1.16538e-008,-0.00236713
-1.14538e-008,-0.000599349
-1.12538e-008,-0.000599349
-1.10538e-008,0.00205233
-1.08538e-008,0.00116843
-1.06538e-008,0.000284542
-1.04538e-008,0.000284542
-1.02538e-008,-0.000599349
-1.00538e-008,-0.00148324
-9.85385e-009,-0.000599349
-9.65385e-009,-0.00148324
-9.45385e-009,0.000284542
-9.25385e-009,0.000284542
-9.05385e-009,-0.00148324
-8.85385e-009,-0.00148324
-8.65385e-009,-0.000599349
-8.45385e-009,0.000284542
-8.25385e-009,0.000284542
-8.05385e-009,-0.00148324
-7.85385e-009,0.000284542
-7.65385e-009,0.000284542
-7.45385e-009,0.000284542
-7.25385e-009,-0.000599349
-7.05385e-009,-0.000599349
-6.85385e-009,-0.00148324
-6.65385e-009,0.000284542
-6.45385e-009,-0.000599349
-6.25385e-009,0.000284542
-6.05385e-009,0.000284542
-5.85385e-009,-0.000599349
-5.65385e-009,0.000284542
-5.45385e-009,0.00205233
-5.25385e-009,0.00116843
-5.05385e-009,-0.000599349
-4.85385e-009,0.000284542
-4.65385e-009,-0.00236713
-4.45385e-009,-0.00236713
-4.25385e-009,-0.000599349
-4.05385e-009,-0.000599349
-3.85385e-009,0.00116843
-3.65385e-009,0.000284542
-3.45385e-009,-0.000599349
-3.25385e-009,0.00116843
-3.05385e-009,0.00116843
-2.85385e-009,0.00116843
-2.65385e-009,0.000284542
-2.45385e-009,0.000284542
-2.25385e-009,-0.000599349
-2.05385e-009,-0.00148324
-1.85385e-009,-0.00148324
-1.65385e-009,-0.00236713
-1.45385e-009,-0.00148324
-1.25385e-009,-0.00148324
-1.05385e-009,0.000284542
-8.53847e-010,-0.00148324
-6.53847e-010,-0.00148324
-4.53847e-010,-0.00148324
-2.53847e-010,0.000284542
-5.38475e-011,-0.00148324
1.46153e-010,-0.000599349
3.46153e-010,0.000284542
5.46153e-010,0.000284542
7.46153e-010,0.00205233
9.46153e-010,0.00205233
1.14615e-009,-0.000599349
1.34615e-009,-0.000599349
1.54615e-009,-0.00148324
1.74615e-009,0.00116843
1.94615e-009,-0.000599349
2.14615e-009,0.00116843
2.34615e-009,0.00116843
2.54615e-009,0.00116843
2.74615e-009,0.000284542
2.94615e-009,0.000284542
3.14615e-009,0.00205233
3.34615e-009,-0.000599349
3.54615e-009,-0.000599349
3.74615e-009,0.00205233
3.94615e-009,0.00205233
4.14615e-009,0.00293622
4.34615e-009,0.00205233
4.54615e-009,0.000284542
4.74615e-009,-0.000599349
4.94615e-009,-0.00148324
5.14615e-009,-0.000599349
5.34615e-009,-0.000599349
5.54615e-009,-0.000599349
5.74615e-009,0.000284542
5.94615e-009,0.000284542
6.14615e-009,0.00116843
6.34615e-009,-0.00148324
6.54615e-009,-0.000599349
6.74615e-009,0.000284542
6.94615e-009,-0.00148324
7.14615e-009,-0.000599349
7.34615e-009,0.000284542
7.54615e-009,0.000284542
7.74615e-009,0.00116843
7.94615e-009,-0.000599349
8.14615e-009,0.00205233
8.34615e-009,0.00205233
8.54615e-009,0.000284542
8.74615e-009,0.00116843
8.94615e-009,0.000284542
9.14615e-009,0.00116843
9.34615e-009,-0.00148324
9.54615e-009,-0.00148324
9.74615e-009,-0.000599349
9.94615e-009,-0.000599349
1.01462e-008,0.000284542
1.03462e-008,0.00205233
1.05462e-008,0.00116843
1.07462e-008,-0.000599349
1.09462e-008,0.000284542
1.11462e-008,0.000284542
1.13462e-008,0.000284542
1.15462e-008,0.00116843
1.17462e-008,0.000284542
1.19462e-008,-0.000599349
1.21462e-008,-0.00148324
1.23462e-008,-0.00148324
1.25462e-008,0.000284542
1.27462e-008,0.000284542
1.29462e-008,0.000284542
1.31462e-008,0.00116843
1.33462e-008,0.00205233
1.35462e-008,-0.000599349
1.37462e-008,0.00116843
1.39462e-008,0.000284542
1.41462e-008,-0.00325103
1.43462e-008,0.000284542
1.45462e-008,-0.000599349
1.47462e-008,-0.00148324
1.49462e-008,-0.00148324
1.51462e-008,0.000284542
1.53462e-008,0.00116843
1.55462e-008,0.00116843
1.57462e-008,0.000284542
1.59462e-008,0.000284542
1.61462e-008,0.000284542
1.63462e-008,0.000284542
1.65462e-008,0.00116843
1.67462e-008,0.00205233
1.69462e-008,-0.00148324
1.71462e-008,-0.000599349
1.73462e-008,0.00116843
1.75462e-008,0.000284542
1.77462e-008,-0.000599349
1.79462e-008,-0.00236713
1.81462e-008,0.00116843
1.83462e-008,-0.00148324
1.85462e-008,-0.000599349
1.87462e-008,0.00116843
1.89462e-008,0.000284542
1.91462e-008,0.000284542
1.93462e-008,-0.000599349
1.95462e-008,-0.000599349
1.97462e-008,0.00116843
1.99462e-008,-0.000599349
2.01462e-008,-0.000599349
2.03462e-008,-0.000599349
2.05462e-008,0.000284542
2.07462e-008,0.00205233
2.09462e-008,0.00116843
2.11462e-008,0.00205233
2.13462e-008,0.000284542
2.15462e-008,0.00116843
2.17462e-008,0.000284542
2.19462e-008,-0.000599349
2.21462e-008,0.00116843
2.23462e-008,-0.000599349
2.25462e-008,0.000284542
2.27462e-008,0.000284542
2.29462e-008,0.00116843
2.31462e-008,0.000284542
2.33462e-008,0.000284542
2.35462e-008,0.00116843
2.37462e-008,0.000284542
2.39462e-008,0.000284542
2.41462e-008,0.000284542
2.43462e-008,0.000284542
2.45462e-008,0.000284542
2.47462e-008,0.00293622
2.49462e-008,0.00116843
2.51462e-008,0.00116843
2.53462e-008,0.00116843
2.55462e-008,-0.000599349
2.57462e-008,-0.00236713
2.59462e-008,-0.00236713
2.61462e-008,-0.000599349
2.63462e-008,-0.000599349
2.65462e-008,0.00205233
2.67462e-008,0.00205233
2.69462e-008,0.000284542
2.71462e-008,0.000284542
2.73462e-008,0.00116843
2.75462e-008,-0.000599349
2.77462e-008,0.000284542
2.79462e-008,0.00116843
2.81462e-008,0.000284542
2.83462e-008,-0.000599349
2.85462e-008,-0.00236713
2.87462e-008,-0.00148324
2.89462e-008,-0.000599349
2.91462e-008,0.000284542
2.93462e-008,0.000284542
2.95462e-008,0.00116843
2.97462e-008,0.00116843
2.99462e-008,0.00205233
3.01462e-008,-0.000599349
3.03462e-008,-0.00236713
3.05462e-008,-0.00148324
3.07462e-008,-0.00148324
3.09462e-008,-0.00148324
3.11462e-008,-0.00148324
3.13462e-008,-0.000599349
3.15462e-008,0.000284542
3.17462e-008,0.000284542
3.19462e-008,0.000284542
3.21462e-008,0.00116843
3.23462e-008,0.00116843
3.25462e-008,0.00205233
3.27462e-008,0.00116843
3.29462e-008,0.000284542
3.31462e-008,-0.000599349
3.33462e-008,-0.00236713
3.35462e-008,0.000284542
3.37462e-008,0.00116843
3.39462e-008,0.000284542
3.41462e-008,0.00116843
3.43462e-008,0.00382011
3.45462e-008,0.00116843
3.47462e-008,0.00116843
3.49462e-008,-0.000599349
3.51462e-008,-0.00236713
3.53462e-008,-0.00236713
3.55462e-008,-0.000599349
3.57462e-008,0.00116843
3.59462e-008,0.00293622
3.61462e-008,0.00293622
3.63462e-008,0.00205233
3.65462e-008,-0.00148324
3.67462e-008,0.000284542
3.69462e-008,-0.00325103
3.71462e-008,-0.00148324
3.73462e-008,0.000284542
3.75462e-008,0.00205233
3.77462e-008,0.00382011
3.79462e-008,0.00205233
3.81462e-008,-0.000599349
3.83462e-008,-0.00236713
3.85462e-008,-0.00236713
3.87462e-008,-0.00325103
3.89462e-008,-0.00148324
3.91462e-008,0.00116843
3.93462e-008,0.00116843
3.95462e-008,0.00116843
3.97462e-008,0.00116843
3.99462e-008,-0.000599349
4.01462e-008,-0.000599349
4.03462e-008,0.00116843
4.05462e-008,0.00116843
4.07462e-008,0.00116843
4.09462e-008,0.00382011
4.11462e-008,0.00205233
4.13462e-008,0.000284542
4.15462e-008,0.000284542
4.17462e-008,-0.00148324
4.19462e-008,-0.00236713
4.21462e-008,-0.000599349
4.23462e-008,0.000284542
4.25462e-008,0.00205233
4.27462e-008,0.00116843
4.29462e-008,0.00205233
4.31462e-008,0.00293622
4.33462e-008,0.000284542
4.35462e-008,0.00116843
4.37462e-008,0.000284542
4.39462e-008,0.00116843
4.41462e-008,0.000284542
4.43462e-008,-0.000599349
4.45462e-008,-0.000599349
4.47462e-008,0.000284542
4.49462e-008,0.00382011
4.51462e-008,0.00293622
4.53462e-008,0.000284542
4.55462e-008,0.000284542
4.57462e-008,-0.000599349
4.59462e-008,0.000284542
4.61462e-008,0.00116843
4.63462e-008,0.000284542
4.65462e-008,0.00116843
4.67462e-008,-0.000599349
4.69462e-008,-0.000599349
4.71462e-008,-0.00148324
4.73462e-008,-0.00413492
4.75462e-008,-0.00325103
4.77462e-008,-0.000599349
4.79462e-008,0.00116843
4.81462e-008,0.000284542
4.83462e-008,0.000284542
4.85462e-008,0.00205233
4.87462e-008,0.00205233
4.89462e-008,0.00205233
4.91462e-008,0.000284542
4.93462e-008,-0.000599349
4.95462e-008,-0.00148324
4.97462e-008,-0.00148324
4.99462e-008,0.000284542
5.01462e-008,0.00116843
5.03462e-008,0.00116843
5.05462e-008,0.00205233
5.07462e-008,-0.000599349
5.09462e-008,0.000284542
5.11462e-008,0.00205233
5.13462e-008,0.00116843
5.15462e-008,0.000284542
5.17462e-008,0.00116843
5.19462e-008,0.000284542
5.21462e-008,0.000284542
5.23462e-008,-0.000599349
5.25462e-008,-0.00148324
5.27462e-008,-0.000599349
5.29462e-008,-0.000599349
5.31462e-008,0.000284542
5.33462e-008,0.000284542
5.35462e-008,0.000284542
5.37462e-008,0.000284542
5.39462e-008,-0.000599349
5.41462e-008,-0.000599349
5.43462e-008,-0.00148324
5.45462e-008,-0.000599349
5.47462e-008,0.00116843
5.49462e-008,0.00116843
5.51462e-008,0.000284542
5.53462e-008,0.00116843
5.55462e-008,-0.000599349
5.57462e-008,0.00116843
5.59462e-008,0.000284542
5.61462e-008,0.00116843
5.63462e-008,0.00293622
5.65462e-008,0.00205233
5.67462e-008,0.00293622
5.69462e-008,0.00205233
5.71462e-008,0.00116843
5.73462e-008,-0.00148324
5.75462e-008,-0.00148324
5.77462e-008,-0.000599349
5.79462e-008,-0.00148324
5.81462e-008,-0.000599349
5.83462e-008,0.00116843
5.85462e-008,0.00116843
5.87462e-008,-0.000599349
5.89462e-008,0.00116843
5.91462e-008,0.00116843
5.93462e-008,-0.000599349
5.95462e-008,0.00116843
5.97462e-008,-0.00148324
5.99462e-008,0.000284542
6.01462e-008,0.00116843
6.03462e-008,0.000284542
6.05462e-008,0.00205233
6.07462e-008,0.00116843
6.09462e-008,0.00116843
6.11462e-008,-0.000599349
6.13462e-008,-0.000599349
6.15462e-008,-0.000599349
6.17462e-008,-0.00148324
6.19462e-008,-0.000599349
6.21462e-008,-0.000599349
6.23462e-008,-0.000599349
6.25462e-008,0.000284542
6.27462e-008,-0.000599349
6.29462e-008,0.000284542
6.31462e-008,0.00116843
6.33462e-008,-0.000599349
6.35462e-008,-0.00148324
6.37462e-008,0.000284542
6.39462e-008,-0.00148324
6.41462e-008,0.000284542
6.43462e-008,0.000284542
6.45462e-008,0.000284542
6.47462e-008,-0.000599349
6.49462e-008,-0.00148324
6.51462e-008,-0.00413492
6.53462e-008,-0.0059027
6.55462e-008,-0.00678659
6.57462e-008,-0.00943827
6.59462e-008,-0.0103222
6.61462e-008,-0.0120899
6.63462e-008,-0.0156255
6.65462e-008,-0.0209289
6.67462e-008,-0.0218128
6.69462e-008,-0.0253483
6.71462e-008,-0.0253483
6.73462e-008,-0.028
6.75462e-008,-0.028
6.77462e-008,-0.0262322
6.79462e-008,-0.028
6.81462e-008,-0.028
6.83462e-008,-0.0306517
6.85462e-008,-0.0315356
6.87462e-008,-0.0315356
6.89462e-008,-0.0306517
6.91462e-008,-0.0297678
6.93462e-008,-0.0297678
6.95462e-008,-0.0262322
6.97462e-008,-0.0244644
6.99462e-008,-0.0235805
7.01462e-008,-0.0218128
7.03462e-008,-0.020045
7.05462e-008,-0.0191611
7.07462e-008,-0.0191611
7.09462e-008,-0.0191611
7.11462e-008,-0.0173933
7.13462e-008,-0.0156255
7.15462e-008,-0.020045
7.17462e-008,-0.0209289
7.19462e-008,-0.0191611
7.21462e-008,-0.0191611
7.23462e-008,-0.0165094
7.25462e-008,-0.0129738
7.27462e-008,-0.0129738
7.29462e-008,-0.00855438
7.31462e-008,-0.00767049
7.33462e-008,-0.00678659
7.35462e-008,-0.00767049
7.37462e-008,-0.00855438
7.39462e-008,-0.0112061
7.41462e-008,-0.0129738
7.43462e-008,-0.0129738
7.45462e-008,-0.0138577
7.47462e-008,-0.0129738
7.49462e-008,-0.00943827
7.51462e-008,-0.00767049
7.53462e-008,-0.00678659
7.55462e-008,-0.00678659
7.57462e-008,-0.0059027
7.59462e-008,-0.00501881
7.61462e-008,-0.00501881
7.63462e-008,-0.00413492
7.65462e-008,-0.00236713
7.67462e-008,-0.00236713
7.69462e-008,-0.00413492
7.71462e-008,-0.0059027
7.73462e-008,-0.00767049
7.75462e-008,-0.0059027
7.77462e-008,-0.0059027
7.79462e-008,-0.00501881
7.81462e-008,-0.00413492
7.83462e-008,-0.00325103
7.85462e-008,-0.00148324
7.87462e-008,-0.00148324
7.89462e-008,-0.000599349
7.91462e-008,-0.000599349
7.93462e-008,-0.00148324
7.95462e-008,-0.00148324
7.97462e-008,-0.00148324
7.99462e-008,-0.00236713
8.01462e-008,-0.00325103
8.03462e-008,-0.00413492
8.05462e-008,-0.00236713
8.07462e-008,-0.00148324
8.09462e-008,-0.00236713
8.11462e-008,-0.000599349
8.13462e-008,0.000284542
8.15462e-008,0.00116843
8.17462e-008,0.00205233
8.19462e-008,0.000284542
8.21462e-008,0.000284542
8.23462e-008,0.00116843
8.25462e-008,0.00116843
8.27462e-008,-0.000599349
8.29462e-008,-0.00236713
8.31462e-008,-0.0059027
8.33462e-008,-0.00501881
8.35462e-008,-0.00236713
8.37462e-008,-0.00148324
8.39462e-008,0.00116843
8.41462e-008,0.00293622
8.43462e-008,0.00382011
8.45462e-008,0.004704
8.47462e-008,0.00293622
8.49462e-008,0.00116843
8.51462e-008,-0.000599349
8.53462e-008,0.000284542
8.55462e-008,0.000284542
8.57462e-008,-0.000599349
8.59462e-008,-0.000599349
8.61462e-008,-0.00148324
8.63462e-008,-0.00148324
8.65462e-008,-0.000599349
8.67462e-008,0.000284542
8.69462e-008,0.00205233
8.71462e-008,0.00205233
8.73462e-008,0.00293622
8.75462e-008,0.000284542
8.77462e-008,0.00116843
8.79462e-008,0.00116843
8.81462e-008,0.000284542
8.83462e-008,-0.00148324
8.85462e-008,0.000284542
8.87462e-008,0.00116843
8.89462e-008,0.00116843
8.91462e-008,0.00116843
8.93462e-008,0.000284542
8.95462e-008,0.00205233
8.97462e-008,0.000284542
8.99462e-008,0.00205233
9.01462e-008,0.00205233
9.03462e-008,0.00205233
9.05462e-008,0.00382011
9.07462e-008,0.004704
9.09462e-008,0.00382011
9.11462e-008,0.00205233
9.13462e-008,-0.000599349
9.15462e-008,-0.00148324
9.17462e-008,-0.000599349
9.19462e-008,-0.000599349
9.21462e-008,0.000284542
9.23462e-008,0.000284542
9.25462e-008,0.00116843
9.27462e-008,0.00205233
9.29462e-008,0.00293622
9.31462e-008,0.00205233
9.33462e-008,0.00205233
9.35462e-008,0.00205233
9.37462e-008,0.000284542
9.39462e-008,0.000284542
9.41462e-008,0.00116843
9.43462e-008,-0.000599349
9.45462e-008,-0.00148324
9.47462e-008,-0.00148324
9.49462e-008,-0.00148324
9.51462e-008,0.000284542
9.53462e-008,0.000284542
9.55462e-008,0.00293622
9.57462e-008,0.000284542
9.59462e-008,0.00205233
9.61462e-008,0.00205233
9.63462e-008,0.00205233
9.65462e-008,0.00205233
9.67462e-008,0.00205233
9.69462e-008,0.00116843
9.71462e-008,-0.000599349
9.73462e-008,-0.000599349
9.75462e-008,0.000284542
9.77462e-008,-0.00148324
9.79462e-008,-0.00148324
9.81462e-008,0.00116843
9.83462e-008,0.00382011
9.85462e-008,0.00116843
9.87462e-008,0.00205233
9.89462e-008,0.00205233
9.91462e-008,0.00293622
9.93462e-008,0.00116843
9.95462e-008,0.00116843
9.97462e-008,0.00205233
9.99462e-008,-0.000599349
1.00146e-007,-0.000599349
1.00346e-007,-0.000599349
1.00546e-007,-0.000599349
1.00746e-007,0.000284542
1.00946e-007,0.00116843
1.01146e-007,-0.000599349
1.01346e-007,0.000284542
1.01546e-007,0.00205233
1.01746e-007,0.000284542
1.01946e-007,0.000284542
1.02146e-007,0.000284542
1.02346e-007,0.00116843
1.02546e-007,0.00116843
1.02746e-007,-0.000599349
1.02946e-007,0.000284542
1.03146e-007,0.00205233
1.03346e-007,0.000284542
1.03546e-007,0.00116843
1.03746e-007,0.00205233
1.03946e-007,0.000284542
1.04146e-007,0.000284542
1.04346e-007,0.00293622
1.04546e-007,0.00205233
1.04746e-007,0.00293622
1.04946e-007,0.00382011
1.05146e-007,0.00293622
1.05346e-007,0.00205233
1.05546e-007,0.00116843
1.05746e-007,0.000284542
1.05946e-007,0.00116843
1.06146e-007,0.000284542
1.06346e-007,0.000284542
1.06546e-007,0.00116843
1.06746e-007,0.00116843
1.06946e-007,0.000284542
1.07146e-007,0.000284542
1.07346e-007,0.00116843
1.07546e-007,0.00293622
1.07746e-007,0.00293622
1.07946e-007,0.00116843
1.08146e-007,0.000284542
1.08346e-007,-0.000599349
1.08546e-007,0.000284542
1.08746e-007,0.00116843
1.08946e-007,0.00116843
1.09146e-007,0.00293622
1.09346e-007,0.00205233
1.09546e-007,0.00116843
1.09746e-007,0.00116843
1.09946e-007,0.000284542
1.10146e-007,-0.00148324
1.10346e-007,0.00205233
1.10546e-007,0.00116843
1.10746e-007,0.00116843
1.10946e-007,0.000284542
1.11146e-007,0.000284542
1.11346e-007,-0.00148324
1.11546e-007,-0.00148324
1.11746e-007,0.000284542
1.11946e-007,0.000284542
1.12146e-007,0.00205233
1.12346e-007,0.00293622
1.12546e-007,0.00205233
1.12746e-007,0.00116843
1.12946e-007,0.00205233
1.13146e-007,0.000284542
1.13346e-007,0.00116843
1.13546e-007,0.00116843
1.13746e-007,0.00293622
1.13946e-007,0.00558789
1.14146e-007,0.004704
1.14346e-007,0.00382011
1.14546e-007,0.00116843
1.14746e-007,0.000284542
1.14946e-007,-0.000599349
1.15146e-007,-0.00236713
1.15346e-007,-0.000599349
1.15546e-007,0.00205233
1.15746e-007,0.00558789
1.15946e-007,0.004704
1.16146e-007,0.00116843
1.16346e-007,-0.000599349
1.16546e-007,0.000284542
1.16746e-007,0.000284542
1.16946e-007,0.00116843
1.17146e-007,0.00205233
1.17346e-007,0.00205233
1.17546e-007,0.00116843
1.17746e-007,-0.000599349
1.17946e-007,-0.00325103
1.18146e-007,-0.00236713
1.18346e-007,-0.00148324
1.18546e-007,-0.00148324
1.18746e-007,-0.00236713
1.18946e-007,0.00116843
1.19146e-007,0.000284542
1.19346e-007,0.00205233
1.19546e-007,-0.000599349
1.19746e-007,0.000284542
1.19946e-007,-0.000599349
1.20146e-007,-0.000599349
1.20346e-007,0.000284542
1.20546e-007,0.000284542
1.20746e-007,0.00116843
1.20946e-007,0.00116843
1.21146e-007,0.00116843
1.21346e-007,0.00205233
1.21546e-007,-0.000599349
1.21746e-007,-0.00148324
1.21946e-007,0.00116843
1.22146e-007,-0.00148324
1.22346e-007,0.00205233
1.22546e-007,0.00293622
1.22746e-007,0.000284542
1.22946e-007,0.000284542
1.23146e-007,0.000284542
1.23346e-007,-0.000599349
1.23546e-007,-0.00236713
1.23746e-007,-0.000599349
1.23946e-007,0.000284542
1.24146e-007,0.00116843
1.24346e-007,0.00116843
1.24546e-007,0.00116843
1.24746e-007,0.00116843
1.24946e-007,0.00116843
1.25146e-007,0.00116843
1.25346e-007,0.00116843
1.25546e-007,0.00116843
1.25746e-007,0.00205233
1.25946e-007,0.000284542
1.26146e-007,0.000284542
1.26346e-007,-0.000599349
1.26546e-007,-0.00148324
1.26746e-007,-0.00148324
1.26946e-007,-0.000599349
1.27146e-007,0.00116843
1.27346e-007,0.00205233
1.27546e-007,0.00116843
1.27746e-007,0.00116843
1.27946e-007,0.000284542
1.28146e-007,-0.000599349
1.28346e-007,0.000284542
1.28546e-007,0.00116843
1.28746e-007,0.00116843
1.28946e-007,0.00116843
1.29146e-007,0.000284542
1.29346e-007,0.000284542
1.29546e-007,-0.000599349
1.29746e-007,0.00116843
1.29946e-007,0.000284542
1.30146e-007,0.00205233
1.30346e-007,0.00293622
1.30546e-007,0.00116843
1.30746e-007,0.000284542
1.30946e-007,0.00116843
1.31146e-007,0.00116843
1.31346e-007,0.000284542
1.31546e-007,-0.000599349
1.31746e-007,0.00116843
1.31946e-007,0.00116843
1.32146e-007,0.00116843
1.32346e-007,-0.000599349
1.32546e-007,0.000284542
1.32746e-007,0.000284542
1.32946e-007,-0.000599349
1.33146e-007,0.000284542
1.33346e-007,-0.000599349
1.33546e-007,-0.000599349
1.33746e-007,-0.000599349
1.33946e-007,0.00116843
1.34146e-007,0.000284542
1.34346e-007,0.000284542
1.34546e-007,0.000284542
1.34746e-007,-0.000599349
1.34946e-007,-0.000599349
1.35146e-007,-0.000599349
1.35346e-007,-0.00236713
1.35546e-007,0.000284542
1.35746e-007,0.00116843
1.35946e-007,0.00205233
1.36146e-007,0.00382011
1.36346e-007,0.00293622
1.36546e-007,0.00116843
1.36746e-007,0.00116843
1.36946e-007,0.00205233
1.37146e-007,0.000284542
1.37346e-007,0.000284542
1.37546e-007,-0.000599349
1.37746e-007,-0.000599349
1.37946e-007,0.00116843
1.38146e-007,0.000284542
1.38346e-007,0.00116843
1.38546e-007,0.000284542
1.38746e-007,0.000284542
1.38946e-007,0.00205233
1.39146e-007,0.000284542
1.39346e-007,0.00116843
1.39546e-007,0.000284542
1.39746e-007,0.000284542
1.39946e-007,-0.000599349
1.40146e-007,0.000284542
1.40346e-007,0.000284542
1.40546e-007,0.00116843
1.40746e-007,0.00116843
1.40946e-007,0.00293622
1.41146e-007,0.00205233
1.41346e-007,0.00116843
1.41546e-007,0.00116843
1.41746e-007,0.000284542
1.41946e-007,-0.000599349
1.42146e-007,0.000284542
1.42346e-007,-0.00148324
1.42546e-007,-0.00236713
1.42746e-007,-0.00236713
1.42946e-007,-0.00148324
1.43146e-007,-0.000599349
1.43346e-007,0.00116843
1.43546e-007,0.00205233
1.43746e-007,0.00116843
1.43946e-007,-0.000599349
1.44146e-007,0.000284542
1.44346e-007,0.000284542
1.44546e-007,0.00116843
1.44746e-007,0.00116843
1.44946e-007,0.000284542
1.45146e-007,0.000284542
1.45346e-007,0.00205233
1.45546e-007,-0.000599349
1.45746e-007,-0.000599349
1.45946e-007,-0.00148324
1.46146e-007,0.000284542
1.46346e-007,0.000284542
1.46546e-007,-0.000599349
1.46746e-007,-0.000599349
1.46946e-007,0.00116843
1.47146e-007,0.00116843
1.47346e-007,0.00116843
1.47546e-007,0.00205233
1.47746e-007,0.00293622
1.47946e-007,0.00116843
1.48146e-007,0.000284542
1.48346e-007,0.000284542
1.48546e-007,-0.000599349
1.48746e-007,-0.00148324
1.48946e-007,-0.000599349
1.49146e-007,0.000284542
1.49346e-007,0.000284542
1.49546e-007,0.00205233
1.49746e-007,0.000284542
1.49946e-007,-0.000599349
1.50146e-007,0.000284542
1.50346e-007,-0.00148324
1.50546e-007,-0.000599349
1.50746e-007,-0.000599349
1.50946e-007,0.000284542
1.51146e-007,-0.00148324
1.51346e-007,0.000284542
1.51546e-007,0.000284542
1.51746e-007,0.00116843
1.51946e-007,0.00116843
1.52146e-007,-0.00148324
1.52346e-007,-0.00148324
1.52546e-007,0.000284542
1.52746e-007,0.000284542
1.52946e-007,0.00293622
1.53146e-007,0.00293622
1.53346e-007,0.00116843
1.53546e-007,0.00205233
1.53746e-007,-0.000599349
1.53946e-007,-0.00148324
1.54146e-007,-0.000599349
1.54346e-007,-0.00148324
1.54546e-007,0.00205233
1.54746e-007,0.00205233
1.54946e-007,0.00293622
1.55146e-007,0.000284542
1.55346e-007,0.000284542
1.55546e-007,-0.000599349
1.55746e-007,0.000284542
1.55946e-007,0.00116843
1.56146e-007,-0.000599349
1.56346e-007,-0.00148324
1.56546e-007,-0.00148324
1.56746e-007,-0.000599349
1.56946e-007,0.00293622
1.57146e-007,0.00116843
1.57346e-007,0.000284542
1.57546e-007,0.00116843
1.57746e-007,0.000284542
1.57946e-007,0.000284542
1.58146e-007,-0.000599349
1.58346e-007,0.000284542
1.58546e-007,-0.000599349
1.58746e-007,-0.00236713
1.58946e-007,-0.00148324
1.59146e-007,-0.00148324
1.59346e-007,-0.00236713
1.59546e-007,-0.000599349
1.59746e-007,-0.000599349
1.59946e-007,0.00116843
1.60146e-007,0.00293622
1.60346e-007,0.00293622
1.60546e-007,0.00293622
1.60746e-007,0.00116843
1.60946e-007,0.00116843
1.61146e-007,0.000284542
1.61346e-007,0.00116843
1.61546e-007,-0.000599349
1.61746e-007,-0.00236713
1.61946e-007,-0.000599349
1.62146e-007,0.00205233
1.62346e-007,0.000284542
1.62546e-007,-0.00148324
1.62746e-007,-0.00325103
1.62946e-007,-0.00236713
1.63146e-007,-0.000599349
1.63346e-007,-0.00236713
1.63546e-007,0.000284542
1.63746e-007,0.00116843
1.63946e-007,0.00205233
1.64146e-007,-0.000599349
1.64346e-007,-0.000599349
1.64546e-007,-0.00325103
1.64746e-007,-0.00325103
1.64946e-007,-0.000599349
1.65146e-007,0.00116843
1.65346e-007,0.00205233
