LECROYWR6050,144,Waveform
Segments,1,SegmentSize,1002
Segment,TrigTime,TimeSinceSegment1
#1,17-Jan-2002 05:22:32,0                 
Time,Ampl
-9.71673e-009,0.00171136
-9.51673e-009,0.00171136
-9.31673e-009,-0.000498374
-9.11673e-009,-0.00491783
-8.91673e-009,-0.00491783
-8.71673e-009,-0.000498374
-8.51673e-009,0.00171136
-8.31673e-009,0.00171136
-8.11673e-009,-0.000498374
-7.91673e-009,-0.000498374
-7.71673e-009,-0.0027081
-7.51673e-009,-0.00491783
-7.31673e-009,0.00171136
-7.11673e-009,0.00171136
-6.91673e-009,0.00392109
-6.71673e-009,0.00171136
-6.51673e-009,0.00171136
-6.31673e-009,0.00171136
-6.11673e-009,-0.000498374
-5.91673e-009,-0.0027081
-5.71673e-009,-0.0027081
-5.51673e-009,-0.000498374
-5.31673e-009,-0.000498374
-5.11673e-009,-0.000498374
-4.91673e-009,-0.000498374
-4.71673e-009,0.00171136
-4.51673e-009,0.00171136
-4.31673e-009,0.00171136
-4.11673e-009,0.00392109
-3.91673e-009,0.00171136
-3.71673e-009,0.00392109
-3.51673e-009,-0.0027081
-3.31673e-009,-0.0027081
-3.11673e-009,-0.000498374
-2.91673e-009,-0.0027081
-2.71673e-009,-0.00491783
-2.51673e-009,-0.000498374
-2.31673e-009,-0.0027081
-2.11673e-009,-0.0027081
-1.91673e-009,0.00171136
-1.71673e-009,-0.000498374
-1.51673e-009,0.00392109
-1.31673e-009,0.00171136
-1.11673e-009,0.00171136
-9.16728e-010,0.00392109
-7.16728e-010,0.00392109
-5.16728e-010,0.00392109
-3.16728e-010,0.00392109
-1.16728e-010,-0.000498374
8.32716e-011,-0.000498374
2.83272e-010,-0.0027081
4.83272e-010,-0.00491783
6.83272e-010,-0.00491783
8.83272e-010,-0.000498374
1.08327e-009,-0.0027081
1.28327e-009,0.00171136
1.48327e-009,-0.000498374
1.68327e-009,-0.000498374
1.88327e-009,0.00171136
2.08327e-009,0.00613082
2.28327e-009,0.00171136
2.48327e-009,-0.000498374
2.68327e-009,0.00171136
2.88327e-009,-0.000498374
3.08327e-009,0.00171136
3.28327e-009,0.00171136
3.48327e-009,-0.000498374
3.68327e-009,-0.0027081
3.88327e-009,-0.000498374
4.08327e-009,0.00171136
4.28327e-009,0.00171136
4.48327e-009,0.00171136
4.68327e-009,0.00171136
4.88327e-009,-0.000498374
5.08327e-009,-0.000498374
5.28327e-009,0.00171136
5.48327e-009,-0.000498374
5.68327e-009,0.00171136
5.88327e-009,-0.0027081
6.08327e-009,-0.0027081
6.28327e-009,-0.000498374
6.48327e-009,-0.0027081
6.68327e-009,-0.000498374
6.88327e-009,-0.00491783
7.08327e-009,-0.00491783
7.28327e-009,-0.000498374
7.48327e-009,0.00392109
7.68327e-009,0.00392109
7.88327e-009,0.00171136
8.08327e-009,0.00392109
8.28327e-009,-0.000498374
8.48327e-009,-0.0027081
8.68327e-009,0.00171136
8.88327e-009,0.00171136
9.08327e-009,-0.000498374
9.28327e-009,-0.0027081
9.48327e-009,0.00392109
9.68327e-009,0.00392109
9.88327e-009,-0.000498374
1.00833e-008,-0.000498374
1.02833e-008,0.00171136
1.04833e-008,0.00171136
1.06833e-008,0.00171136
1.08833e-008,-0.000498374
1.10833e-008,0.00171136
1.12833e-008,0.00392109
1.14833e-008,0.00171136
1.16833e-008,0.00171136
1.18833e-008,0.00171136
1.20833e-008,0.00171136
1.22833e-008,-0.0027081
1.24833e-008,-0.000498374
1.26833e-008,-0.0027081
1.28833e-008,-0.000498374
1.30833e-008,-0.0027081
1.32833e-008,-0.0027081
1.34833e-008,-0.0027081
1.36833e-008,-0.00491783
1.38833e-008,-0.0027081
1.40833e-008,-0.000498374
1.42833e-008,0.00392109
1.44833e-008,0.00392109
1.46833e-008,0.00392109
1.48833e-008,-0.000498374
1.50833e-008,0.00171136
1.52833e-008,-0.000498374
1.54833e-008,-0.0027081
1.56833e-008,-0.0027081
1.58833e-008,-0.000498374
1.60833e-008,-0.0027081
1.62833e-008,-0.00491783
1.64833e-008,-0.00491783
1.66833e-008,0.00171136
1.68833e-008,-0.0027081
1.70833e-008,0.00171136
1.72833e-008,-0.000498374
1.74833e-008,-0.000498374
1.76833e-008,0.00171136
1.78833e-008,-0.000498374
1.80833e-008,0.00171136
1.82833e-008,0.00392109
1.84833e-008,-0.000498374
1.86833e-008,0.00171136
1.88833e-008,-0.000498374
1.90833e-008,-0.000498374
1.92833e-008,-0.0027081
1.94833e-008,-0.000498374
1.96833e-008,0.00171136
1.98833e-008,0.00392109
2.00833e-008,0.00171136
2.02833e-008,0.00171136
2.04833e-008,-0.00712756
2.06833e-008,0.00171136
2.08833e-008,0.00171136
2.10833e-008,0.00171136
2.12833e-008,0.00171136
2.14833e-008,0.00171136
2.16833e-008,-0.0027081
2.18833e-008,0.00171136
2.20833e-008,-0.00491783
2.22833e-008,-0.000498374
2.24833e-008,-0.000498374
2.26833e-008,-0.000498374
2.28833e-008,-0.000498374
2.30833e-008,0.00171136
2.32833e-008,-0.000498374
2.34833e-008,-0.000498374
2.36833e-008,0.00171136
2.38833e-008,0.00392109
2.40833e-008,-0.000498374
2.42833e-008,0.00171136
2.44833e-008,-0.000498374
2.46833e-008,-0.00491783
2.48833e-008,-0.00491783
2.50833e-008,-0.0027081
2.52833e-008,-0.0027081
2.54833e-008,-0.000498374
2.56833e-008,-0.0027081
2.58833e-008,-0.000498374
2.60833e-008,-0.000498374
2.62833e-008,-0.000498374
2.64833e-008,0.00171136
2.66833e-008,0.00171136
2.68833e-008,-0.000498374
2.70833e-008,-0.000498374
2.72833e-008,0.00171136
2.74833e-008,-0.000498374
2.76833e-008,-0.000498374
2.78833e-008,-0.0027081
2.80833e-008,-0.000498374
2.82833e-008,0.00171136
2.84833e-008,-0.00491783
2.86833e-008,0.00392109
2.88833e-008,-0.0027081
2.90833e-008,-0.0027081
2.92833e-008,-0.000498374
2.94833e-008,0.00171136
2.96833e-008,0.00392109
2.98833e-008,0.00392109
3.00833e-008,-0.000498374
3.02833e-008,-0.0027081
3.04833e-008,-0.0027081
3.06833e-008,0.00392109
3.08833e-008,0.00171136
3.10833e-008,0.00392109
3.12833e-008,0.00171136
3.14833e-008,0.00392109
3.16833e-008,0.00171136
3.18833e-008,-0.000498374
3.20833e-008,0.00171136
3.22833e-008,-0.000498374
3.24833e-008,0.00392109
3.26833e-008,0.00392109
3.28833e-008,-0.000498374
3.30833e-008,-0.000498374
3.32833e-008,-0.0027081
3.34833e-008,0.00171136
3.36833e-008,-0.000498374
3.38833e-008,-0.000498374
3.40833e-008,0.00171136
3.42833e-008,-0.000498374
3.44833e-008,-0.0027081
3.46833e-008,-0.000498374
3.48833e-008,0.00171136
3.50833e-008,-0.000498374
3.52833e-008,-0.000498374
3.54833e-008,-0.0027081
3.56833e-008,-0.00491783
3.58833e-008,-0.000498374
3.60833e-008,-0.00491783
3.62833e-008,-0.000498374
3.64833e-008,0.00392109
3.66833e-008,-0.000498374
3.68833e-008,0.00171136
3.70833e-008,-0.0027081
3.72833e-008,-0.0027081
3.74833e-008,-0.000498374
3.76833e-008,-0.000498374
3.78833e-008,-0.0027081
3.80833e-008,-0.0027081
3.82833e-008,-0.0027081
3.84833e-008,-0.0027081
3.86833e-008,-0.000498374
3.88833e-008,-0.0027081
3.90833e-008,-0.000498374
3.92833e-008,0.00171136
3.94833e-008,0.00171136
3.96833e-008,0.00171136
3.98833e-008,0.00392109
4.00833e-008,0.00171136
4.02833e-008,-0.00491783
4.04833e-008,-0.0027081
4.06833e-008,-0.0027081
4.08833e-008,-0.00491783
4.10833e-008,0.00392109
4.12833e-008,0.00171136
4.14833e-008,0.00171136
4.16833e-008,-0.0027081
4.18833e-008,-0.000498374
4.20833e-008,-0.000498374
4.22833e-008,-0.0027081
4.24833e-008,-0.000498374
4.26833e-008,-0.000498374
4.28833e-008,0.00171136
4.30833e-008,-0.000498374
4.32833e-008,-0.000498374
4.34833e-008,-0.000498374
4.36833e-008,-0.0027081
4.38833e-008,-0.0027081
4.40833e-008,-0.0027081
4.42833e-008,-0.000498374
4.44833e-008,-0.000498374
4.46833e-008,-0.000498374
4.48833e-008,-0.0027081
4.50833e-008,-0.000498374
4.52833e-008,-0.0027081
4.54833e-008,-0.0027081
4.56833e-008,-0.000498374
4.58833e-008,-0.0027081
4.60833e-008,-0.0027081
4.62833e-008,-0.000498374
4.64833e-008,0.00392109
4.66833e-008,-0.000498374
4.68833e-008,0.00171136
4.70833e-008,0.00392109
4.72833e-008,0.00392109
4.74833e-008,0.00171136
4.76833e-008,0.00171136
4.78833e-008,-0.000498374
4.80833e-008,-0.000498374
4.82833e-008,-0.000498374
4.84833e-008,-0.0027081
4.86833e-008,0.00171136
4.88833e-008,0.00392109
4.90833e-008,-0.000498374
4.92833e-008,0.00171136
4.94833e-008,-0.0027081
4.96833e-008,-0.0027081
4.98833e-008,-0.0027081
5.00833e-008,-0.000498374
5.02833e-008,-0.00491783
5.04833e-008,0.00171136
5.06833e-008,0.00171136
5.08833e-008,0.00171136
5.10833e-008,-0.00491783
5.12833e-008,0.00171136
5.14833e-008,0.00171136
5.16833e-008,-0.000498374
5.18833e-008,0.00392109
5.20833e-008,0.00171136
5.22833e-008,0.00392109
5.24833e-008,0.00392109
5.26833e-008,-0.0027081
5.28833e-008,-0.0027081
5.30833e-008,-0.00491783
5.32833e-008,-0.000498374
5.34833e-008,-0.0027081
5.36833e-008,-0.000498374
5.38833e-008,-0.000498374
5.40833e-008,0.00171136
5.42833e-008,-0.0027081
5.44833e-008,0.00171136
5.46833e-008,-0.0027081
5.48833e-008,-0.0027081
5.50833e-008,-0.000498374
5.52833e-008,-0.0027081
5.54833e-008,0.00392109
5.56833e-008,0.00392109
5.58833e-008,0.00171136
5.60833e-008,0.00171136
5.62833e-008,-0.000498374
5.64833e-008,0.00392109
5.66833e-008,-0.000498374
5.68833e-008,0.00171136
5.70833e-008,-0.0027081
5.72833e-008,0.00171136
5.74833e-008,-0.000498374
5.76833e-008,-0.0027081
5.78833e-008,0.00392109
5.80833e-008,0.00392109
5.82833e-008,-0.000498374
5.84833e-008,-0.0027081
5.86833e-008,-0.000498374
5.88833e-008,-0.000498374
5.90833e-008,-0.000498374
5.92833e-008,-0.000498374
5.94833e-008,-0.0027081
5.96833e-008,-0.00491783
5.98833e-008,-0.000498374
6.00833e-008,-0.0027081
6.02833e-008,-0.000498374
6.04833e-008,-0.000498374
6.06833e-008,-0.000498374
6.08833e-008,-0.000498374
6.10833e-008,-0.0027081
6.12833e-008,-0.0027081
6.14833e-008,-0.000498374
6.16833e-008,0.00171136
6.18833e-008,-0.0027081
6.20833e-008,-0.000498374
6.22833e-008,-0.000498374
6.24833e-008,-0.00491783
6.26833e-008,-0.0027081
6.28833e-008,0.00171136
6.30833e-008,-0.000498374
6.32833e-008,-0.000498374
6.34833e-008,0.00392109
6.36833e-008,0.00171136
6.38833e-008,-0.000498374
6.40833e-008,0.00171136
6.42833e-008,0.00171136
6.44833e-008,0.00171136
6.46833e-008,0.00392109
6.48833e-008,0.00171136
6.50833e-008,0.00171136
6.52833e-008,0.00171136
6.54833e-008,-0.0027081
6.56833e-008,-0.000498374
6.58833e-008,-0.0027081
6.60833e-008,-0.000498374
6.62833e-008,-0.000498374
6.64833e-008,0.00171136
6.66833e-008,0.00171136
6.68833e-008,0.00392109
6.70833e-008,0.00171136
6.72833e-008,0.00171136
6.74833e-008,0.00392109
6.76833e-008,0.00392109
6.78833e-008,0.00171136
6.80833e-008,-0.0027081
6.82833e-008,-0.000498374
6.84833e-008,-0.0027081
6.86833e-008,-0.00712756
6.88833e-008,-0.0027081
6.90833e-008,-0.0027081
6.92833e-008,-0.00491783
6.94833e-008,-0.00712756
6.96833e-008,-0.00491783
6.98833e-008,-0.000498374
7.00833e-008,-0.000498374
7.02833e-008,0.00171136
7.04833e-008,-0.000498374
7.06833e-008,0.00392109
7.08833e-008,-0.0027081
7.10833e-008,0.00171136
7.12833e-008,-0.000498374
7.14833e-008,0.00171136
7.16833e-008,0.00392109
7.18833e-008,-0.000498374
7.20833e-008,-0.00491783
7.22833e-008,-0.00491783
7.24833e-008,-0.000498374
7.26833e-008,-0.000498374
7.28833e-008,-0.000498374
7.30833e-008,0.00392109
7.32833e-008,0.00171136
7.34833e-008,0.0105503
7.36833e-008,0.00392109
7.38833e-008,0.00392109
7.40833e-008,-0.000498374
7.42833e-008,-0.0027081
7.44833e-008,-0.0027081
7.46833e-008,-0.00712756
7.48833e-008,-0.00712756
7.50833e-008,-0.0027081
7.52833e-008,-0.0027081
7.54833e-008,-0.0027081
7.56833e-008,0.00171136
7.58833e-008,0.00392109
7.60833e-008,0.00171136
7.62833e-008,0.00392109
7.64833e-008,0.00392109
7.66833e-008,0.00392109
7.68833e-008,0.00171136
7.70833e-008,0.00392109
7.72833e-008,-0.000498374
7.74833e-008,-0.0027081
7.76833e-008,-0.00712756
7.78833e-008,-0.00491783
7.80833e-008,-0.00491783
7.82833e-008,-0.000498374
7.84833e-008,0.00171136
7.86833e-008,0.00613082
7.88833e-008,0.00613082
7.90833e-008,0.00392109
7.92833e-008,0.00171136
7.94833e-008,0.00392109
7.96833e-008,0.00613082
7.98833e-008,0.00392109
8.00833e-008,-0.000498374
8.02833e-008,-0.0027081
8.04833e-008,-0.000498374
8.06833e-008,0.00171136
8.08833e-008,-0.000498374
8.10833e-008,-0.000498374
8.12833e-008,0.00171136
8.14833e-008,-0.000498374
8.16833e-008,0.00171136
8.18833e-008,0.00171136
8.20833e-008,0.00171136
8.22833e-008,0.00171136
8.24833e-008,-0.0027081
8.26833e-008,0.00171136
8.28833e-008,0.00392109
8.30833e-008,0.00613082
8.32833e-008,-0.000498374
8.34833e-008,-0.0027081
8.36833e-008,-0.000498374
8.38833e-008,0.00392109
8.40833e-008,0.00171136
8.42833e-008,-0.000498374
8.44833e-008,-0.000498374
8.46833e-008,-0.0027081
8.48833e-008,-0.000498374
8.50833e-008,-0.0027081
8.52833e-008,-0.000498374
8.54833e-008,0.00171136
8.56833e-008,-0.000498374
8.58833e-008,-0.000498374
8.60833e-008,-0.0027081
8.62833e-008,-0.0027081
8.64833e-008,-0.00491783
8.66833e-008,-0.000498374
8.68833e-008,0.00392109
8.70833e-008,0.00392109
8.72833e-008,0.00392109
8.74833e-008,0.00171136
8.76833e-008,0.00392109
8.78833e-008,-0.000498374
8.80833e-008,0.00171136
8.82833e-008,0.00171136
8.84833e-008,-0.000498374
8.86833e-008,0.00613082
8.88833e-008,-0.000498374
8.90833e-008,-0.000498374
8.92833e-008,-0.000498374
8.94833e-008,-0.000498374
8.96833e-008,0.00171136
8.98833e-008,0.00171136
9.00833e-008,0.00171136
9.02833e-008,0.00171136
9.04833e-008,-0.000498374
9.06833e-008,-0.0027081
9.08833e-008,0.00171136
9.10833e-008,-0.000498374
9.12833e-008,-0.000498374
9.14833e-008,0.00392109
9.16833e-008,0.00171136
9.18833e-008,0.00613082
9.20833e-008,0.00171136
9.22833e-008,-0.000498374
9.24833e-008,0.00171136
9.26833e-008,0.00171136
9.28833e-008,-0.000498374
9.30833e-008,-0.000498374
9.32833e-008,-0.0027081
9.34833e-008,0.00392109
9.36833e-008,0.00392109
9.38833e-008,0.00171136
9.40833e-008,-0.000498374
9.42833e-008,-0.0027081
9.44833e-008,-0.000498374
9.46833e-008,-0.0027081
9.48833e-008,-0.0027081
9.50833e-008,0.00171136
9.52833e-008,0.00171136
9.54833e-008,0.00171136
9.56833e-008,0.00171136
9.58833e-008,-0.000498374
9.60833e-008,-0.0027081
9.62833e-008,0.00171136
9.64833e-008,-0.000498374
9.66833e-008,0.00392109
9.68833e-008,-0.0027081
9.70833e-008,-0.000498374
9.72833e-008,0.00171136
9.74833e-008,-0.000498374
9.76833e-008,-0.000498374
9.78833e-008,-0.0027081
9.80833e-008,0.00171136
9.82833e-008,-0.0027081
9.84833e-008,-0.000498374
9.86833e-008,0.00171136
9.88833e-008,-0.000498374
9.90833e-008,-0.00491783
9.92833e-008,0.00171136
9.94833e-008,0.00171136
9.96833e-008,0.00392109
9.98833e-008,0.00171136
1.00083e-007,0.00171136
1.00283e-007,0.00171136
1.00483e-007,0.00171136
1.00683e-007,-0.00712756
1.00883e-007,-0.000498374
1.01083e-007,-0.0027081
1.01283e-007,-0.000498374
1.01483e-007,-0.0027081
1.01683e-007,-0.0027081
1.01883e-007,-0.000498374
1.02083e-007,-0.0027081
1.02283e-007,-0.0027081
1.02483e-007,-0.000498374
1.02683e-007,0.00171136
1.02883e-007,0.00392109
1.03083e-007,0.00392109
1.03283e-007,0.00171136
1.03483e-007,-0.000498374
1.03683e-007,0.00171136
1.03883e-007,0.00613082
1.04083e-007,0.00171136
1.04283e-007,-0.0027081
1.04483e-007,-0.0027081
1.04683e-007,-0.000498374
1.04883e-007,-0.000498374
1.05083e-007,0.00171136
1.05283e-007,-0.000498374
1.05483e-007,0.00171136
1.05683e-007,0.00392109
1.05883e-007,0.00392109
1.06083e-007,0.00171136
1.06283e-007,-0.000498374
1.06483e-007,-0.000498374
1.06683e-007,-0.0027081
1.06883e-007,-0.0027081
1.07083e-007,-0.000498374
1.07283e-007,-0.000498374
1.07483e-007,-0.000498374
1.07683e-007,-0.000498374
1.07883e-007,0.00392109
1.08083e-007,0.00171136
1.08283e-007,0.00171136
1.08483e-007,0.00171136
1.08683e-007,-0.0027081
1.08883e-007,0.00171136
1.09083e-007,-0.0027081
1.09283e-007,-0.000498374
1.09483e-007,-0.000498374
1.09683e-007,0.00171136
1.09883e-007,-0.00491783
1.10083e-007,-0.00491783
1.10283e-007,-0.000498374
1.10483e-007,-0.0027081
1.10683e-007,-0.000498374
1.10883e-007,0.00171136
1.11083e-007,0.00171136
1.11283e-007,0.00171136
1.11483e-007,-0.000498374
1.11683e-007,0.00392109
1.11883e-007,0.00171136
1.12083e-007,-0.000498374
1.12283e-007,-0.0027081
1.12483e-007,-0.000498374
1.12683e-007,-0.000498374
1.12883e-007,-0.000498374
1.13083e-007,-0.000498374
1.13283e-007,-0.000498374
1.13483e-007,-0.000498374
1.13683e-007,-0.000498374
1.13883e-007,0.00171136
1.14083e-007,-0.0027081
1.14283e-007,-0.000498374
1.14483e-007,-0.000498374
1.14683e-007,-0.000498374
1.14883e-007,-0.0027081
1.15083e-007,-0.0027081
1.15283e-007,-0.000498374
1.15483e-007,-0.000498374
1.15683e-007,-0.000498374
1.15883e-007,-0.0027081
1.16083e-007,-0.000498374
1.16283e-007,-0.000498374
1.16483e-007,0.00392109
1.16683e-007,0.00171136
1.16883e-007,0.00392109
1.17083e-007,0.00171136
1.17283e-007,-0.000498374
1.17483e-007,-0.0027081
1.17683e-007,-0.000498374
1.17883e-007,-0.000498374
1.18083e-007,-0.0027081
1.18283e-007,-0.0027081
1.18483e-007,0.00171136
1.18683e-007,0.00171136
1.18883e-007,0.00171136
1.19083e-007,0.00171136
1.19283e-007,-0.000498374
1.19483e-007,-0.000498374
1.19683e-007,-0.0027081
1.19883e-007,-0.000498374
1.20083e-007,0.00171136
1.20283e-007,0.00392109
1.20483e-007,-0.000498374
1.20683e-007,-0.0027081
1.20883e-007,0.00171136
1.21083e-007,-0.0027081
1.21283e-007,-0.0027081
1.21483e-007,0.00392109
1.21683e-007,0.00171136
1.21883e-007,0.00392109
1.22083e-007,0.00392109
1.22283e-007,0.00171136
1.22483e-007,-0.000498374
1.22683e-007,-0.0027081
1.22883e-007,-0.000498374
1.23083e-007,-0.000498374
1.23283e-007,-0.000498374
1.23483e-007,0.00171136
1.23683e-007,0.00392109
1.23883e-007,0.00392109
1.24083e-007,0.00392109
1.24283e-007,0.00171136
1.24483e-007,-0.000498374
1.24683e-007,0.00171136
1.24883e-007,-0.0027081
1.25083e-007,-0.000498374
1.25283e-007,0.00171136
1.25483e-007,0.00171136
1.25683e-007,0.00171136
1.25883e-007,-0.0027081
1.26083e-007,-0.000498374
1.26283e-007,0.00171136
1.26483e-007,0.00392109
1.26683e-007,0.00613082
1.26883e-007,-0.000498374
1.27083e-007,0.00392109
1.27283e-007,-0.000498374
1.27483e-007,0.00392109
1.27683e-007,0.00392109
1.27883e-007,0.00171136
1.28083e-007,0.00171136
1.28283e-007,0.00171136
1.28483e-007,-0.000498374
1.28683e-007,0.00171136
1.28883e-007,-0.000498374
1.29083e-007,0.00171136
1.29283e-007,-0.000498374
1.29483e-007,0.00171136
1.29683e-007,0.00171136
1.29883e-007,-0.000498374
1.30083e-007,-0.0027081
1.30283e-007,-0.0027081
1.30483e-007,0.00171136
1.30683e-007,-0.0027081
1.30883e-007,0.00171136
1.31083e-007,0.00171136
1.31283e-007,0.00171136
1.31483e-007,0.00392109
1.31683e-007,0.00171136
1.31883e-007,0.00171136
1.32083e-007,0.00171136
1.32283e-007,-0.0027081
1.32483e-007,-0.0027081
1.32683e-007,-0.0027081
1.32883e-007,-0.000498374
1.33083e-007,0.00171136
1.33283e-007,-0.000498374
1.33483e-007,0.00613082
1.33683e-007,-0.000498374
1.33883e-007,-0.000498374
1.34083e-007,-0.000498374
1.34283e-007,0.00171136
1.34483e-007,-0.000498374
1.34683e-007,-0.000498374
1.34883e-007,-0.0027081
1.35083e-007,-0.000498374
1.35283e-007,0.00392109
1.35483e-007,-0.000498374
1.35683e-007,-0.000498374
1.35883e-007,0.00392109
1.36083e-007,0.00171136
1.36283e-007,-0.000498374
1.36483e-007,-0.000498374
1.36683e-007,-0.000498374
1.36883e-007,-0.000498374
1.37083e-007,-0.0027081
1.37283e-007,-0.000498374
1.37483e-007,-0.000498374
1.37683e-007,-0.000498374
1.37883e-007,0.00392109
1.38083e-007,-0.0027081
1.38283e-007,-0.000498374
1.38483e-007,-0.000498374
1.38683e-007,0.00613082
1.38883e-007,0.00392109
1.39083e-007,0.00171136
1.39283e-007,0.00171136
1.39483e-007,0.00171136
1.39683e-007,-0.000498374
1.39883e-007,-0.0027081
1.40083e-007,0.00171136
1.40283e-007,0.00171136
1.40483e-007,-0.000498374
1.40683e-007,0.00171136
1.40883e-007,0.00171136
1.41083e-007,-0.0027081
1.41283e-007,-0.00491783
1.41483e-007,-0.0027081
1.41683e-007,0.00171136
1.41883e-007,-0.000498374
1.42083e-007,-0.000498374
1.42283e-007,-0.0027081
1.42483e-007,0.00171136
1.42683e-007,-0.000498374
1.42883e-007,0.00171136
1.43083e-007,0.00392109
1.43283e-007,0.00171136
1.43483e-007,0.00171136
1.43683e-007,0.00171136
1.43883e-007,-0.000498374
1.44083e-007,0.00171136
1.44283e-007,0.00171136
1.44483e-007,0.00171136
1.44683e-007,0.00392109
1.44883e-007,-0.000498374
1.45083e-007,-0.000498374
1.45283e-007,-0.000498374
1.45483e-007,0.00613082
1.45683e-007,-0.0027081
1.45883e-007,-0.000498374
1.46083e-007,-0.000498374
1.46283e-007,0.00171136
1.46483e-007,0.00171136
1.46683e-007,0.00834055
1.46883e-007,0.00171136
1.47083e-007,0.00171136
1.47283e-007,0.00392109
1.47483e-007,-0.000498374
1.47683e-007,0.00171136
1.47883e-007,0.00392109
1.48083e-007,0.00171136
1.48283e-007,0.00171136
1.48483e-007,-0.000498374
1.48683e-007,-0.000498374
1.48883e-007,-0.000498374
1.49083e-007,-0.000498374
1.49283e-007,-0.000498374
1.49483e-007,-0.000498374
1.49683e-007,0.00171136
1.49883e-007,-0.000498374
1.50083e-007,0.00171136
1.50283e-007,0.00171136
1.50483e-007,0.00171136
1.50683e-007,0.00171136
1.50883e-007,-0.0027081
1.51083e-007,-0.0027081
1.51283e-007,-0.0027081
1.51483e-007,0.00171136
1.51683e-007,0.00171136
1.51883e-007,0.00171136
1.52083e-007,0.00171136
1.52283e-007,-0.000498374
1.52483e-007,-0.0027081
1.52683e-007,-0.000498374
1.52883e-007,-0.000498374
1.53083e-007,0.00171136
1.53283e-007,0.00171136
1.53483e-007,-0.000498374
1.53683e-007,-0.0027081
1.53883e-007,-0.000498374
1.54083e-007,-0.000498374
1.54283e-007,-0.000498374
1.54483e-007,0.00613082
1.54683e-007,0.00171136
1.54883e-007,0.00171136
1.55083e-007,0.00392109
1.55283e-007,0.00171136
1.55483e-007,-0.000498374
1.55683e-007,0.00392109
1.55883e-007,-0.000498374
1.56083e-007,0.00171136
1.56283e-007,-0.000498374
1.56483e-007,-0.0027081
1.56683e-007,-0.0027081
1.56883e-007,-0.000498374
1.57083e-007,-0.00491783
1.57283e-007,-0.0027081
1.57483e-007,0.00171136
1.57683e-007,0.00171136
1.57883e-007,-0.000498374
1.58083e-007,-0.0027081
1.58283e-007,0.00171136
1.58483e-007,-0.0027081
1.58683e-007,-0.000498374
1.58883e-007,0.00171136
1.59083e-007,-0.0027081
1.59283e-007,0.00392109
1.59483e-007,0.00171136
1.59683e-007,0.00392109
1.59883e-007,0.00613082
1.60083e-007,0.00171136
1.60283e-007,0.00171136
1.60483e-007,-0.000498374
1.60683e-007,-0.000498374
1.60883e-007,-0.0027081
1.61083e-007,0.00171136
1.61283e-007,0.00171136
1.61483e-007,-0.0027081
1.61683e-007,-0.000498374
1.61883e-007,-0.000498374
1.62083e-007,-0.0027081
1.62283e-007,-0.0027081
1.62483e-007,-0.0027081
1.62683e-007,-0.000498374
1.62883e-007,0.00171136
1.63083e-007,0.00171136
1.63283e-007,-0.0027081
1.63483e-007,-0.000498374
1.63683e-007,-0.0027081
1.63883e-007,-0.0027081
1.64083e-007,-0.000498374
1.64283e-007,0.00171136
1.64483e-007,-0.000498374
1.64683e-007,-0.000498374
1.64883e-007,-0.0027081
1.65083e-007,-0.0027081
1.65283e-007,0.00171136
1.65483e-007,-0.000498374
1.65683e-007,0.00171136
1.65883e-007,-0.0027081
1.66083e-007,0.00171136
1.66283e-007,-0.0027081
1.66483e-007,-0.000498374
1.66683e-007,-0.000498374
1.66883e-007,-0.000498374
1.67083e-007,0.00171136
1.67283e-007,-0.000498374
1.67483e-007,0.00171136
1.67683e-007,0.00392109
1.67883e-007,0.00392109
1.68083e-007,-0.000498374
1.68283e-007,-0.0027081
1.68483e-007,0.00171136
1.68683e-007,-0.000498374
1.68883e-007,0.00171136
1.69083e-007,-0.000498374
1.69283e-007,-0.000498374
1.69483e-007,0.00171136
1.69683e-007,0.00171136
1.69883e-007,0.00392109
1.70083e-007,0.00171136
1.70283e-007,-0.000498374
1.70483e-007,-0.000498374
1.70683e-007,0.00171136
1.70883e-007,0.00171136
1.71083e-007,-0.00491783
1.71283e-007,-0.000498374
1.71483e-007,-0.00491783
1.71683e-007,0.00171136
1.71883e-007,0.00171136
1.72083e-007,0.00171136
1.72283e-007,0.00171136
1.72483e-007,0.00171136
1.72683e-007,-0.000498374
1.72883e-007,0.00171136
1.73083e-007,-0.0027081
1.73283e-007,-0.0027081
1.73483e-007,-0.0027081
1.73683e-007,0.00171136
1.73883e-007,0.00171136
1.74083e-007,-0.00491783
1.74283e-007,-0.0027081
1.74483e-007,-0.0027081
1.74683e-007,-0.0027081
1.74883e-007,-0.0027081
1.75083e-007,0.00392109
1.75283e-007,0.00392109
1.75483e-007,0.00392109
1.75683e-007,0.00392109
1.75883e-007,0.00171136
1.76083e-007,0.00171136
1.76283e-007,-0.0027081
1.76483e-007,-0.000498374
1.76683e-007,-0.000498374
1.76883e-007,-0.000498374
1.77083e-007,0.00171136
1.77283e-007,0.00171136
1.77483e-007,0.00392109
1.77683e-007,-0.0027081
1.77883e-007,0.00171136
1.78083e-007,-0.000498374
1.78283e-007,-0.000498374
1.78483e-007,-0.000498374
1.78683e-007,0.00392109
1.78883e-007,0.00171136
1.79083e-007,0.00171136
1.79283e-007,0.00171136
1.79483e-007,0.00171136
1.79683e-007,0.00613082
1.79883e-007,0.00171136
1.80083e-007,0.00171136
1.80283e-007,-0.000498374
1.80483e-007,-0.000498374
1.80683e-007,-0.0027081
1.80883e-007,0.00171136
1.81083e-007,0.00171136
1.81283e-007,-0.0027081
1.81483e-007,-0.000498374
1.81683e-007,-0.000498374
1.81883e-007,0.00171136
1.82083e-007,0.00171136
1.82283e-007,0.00171136
1.82483e-007,0.00171136
1.82683e-007,-0.000498374
1.82883e-007,-0.0027081
1.83083e-007,0.00171136
1.83283e-007,0.00171136
1.83483e-007,0.00171136
1.83683e-007,0.00171136
1.83883e-007,0.00392109
1.84083e-007,-0.000498374
1.84283e-007,-0.00491783
1.84483e-007,0.00171136
1.84683e-007,-0.000498374
1.84883e-007,-0.00491783
1.85083e-007,-0.000498374
1.85283e-007,0.00171136
1.85483e-007,-0.0027081
1.85683e-007,0.00392109
1.85883e-007,0.00171136
1.86083e-007,0.00392109
1.86283e-007,-0.0027081
1.86483e-007,-0.0027081
1.86683e-007,0.00171136
1.86883e-007,0.00171136
1.87083e-007,-0.000498374
1.87283e-007,-0.0027081
1.87483e-007,0.00171136
1.87683e-007,0.00171136
1.87883e-007,-0.000498374
1.88083e-007,0.00392109
1.88283e-007,-0.0027081
1.88483e-007,-0.0027081
1.88683e-007,0.00171136
1.88883e-007,0.00392109
1.89083e-007,-0.000498374
1.89283e-007,-0.000498374
1.89483e-007,-0.0027081
1.89683e-007,-0.00491783
1.89883e-007,-0.0027081
1.90083e-007,-0.000498374
1.90283e-007,0.00392109
1.90483e-007,0.00171136
