LECROYWR6050,144,Waveform
Segments,1,SegmentSize,1002
Segment,TrigTime,TimeSinceSegment1
#1,17-Jan-2002 05:22:20,0                 
Time,Ampl
-9.65564e-009,-0.000498374
-9.45564e-009,-0.000498374
-9.25564e-009,0.00392109
-9.05564e-009,-0.000498374
-8.85564e-009,0.00392109
-8.65564e-009,0.00171136
-8.45564e-009,-0.000498374
-8.25564e-009,-0.0027081
-8.05564e-009,-0.000498374
-7.85564e-009,-0.0027081
-7.65564e-009,0.00171136
-7.45564e-009,0.00171136
-7.25564e-009,-0.0027081
-7.05564e-009,-0.000498374
-6.85564e-009,0.00171136
-6.65564e-009,0.00392109
-6.45564e-009,-0.0027081
-6.25564e-009,0.00171136
-6.05564e-009,-0.000498374
-5.85564e-009,-0.0027081
-5.65564e-009,-0.000498374
-5.45564e-009,-0.00491783
-5.25564e-009,0.00171136
-5.05564e-009,-0.000498374
-4.85564e-009,-0.000498374
-4.65564e-009,-0.0027081
-4.45564e-009,-0.000498374
-4.25564e-009,-0.000498374
-4.05564e-009,-0.000498374
-3.85564e-009,-0.0027081
-3.65564e-009,-0.000498374
-3.45564e-009,-0.000498374
-3.25564e-009,-0.000498374
-3.05564e-009,-0.0027081
-2.85564e-009,0.00171136
-2.65564e-009,-0.000498374
-2.45564e-009,-0.0027081
-2.25564e-009,-0.0027081
-2.05564e-009,0.00171136
-1.85564e-009,-0.0027081
-1.65564e-009,-0.000498374
-1.45564e-009,0.00613082
-1.25564e-009,-0.000498374
-1.05564e-009,0.00613082
-8.55638e-010,0.00171136
-6.55638e-010,0.00392109
-4.55638e-010,0.00171136
-2.55638e-010,0.00392109
-5.56375e-011,-0.000498374
1.44362e-010,-0.0027081
3.44362e-010,-0.0027081
5.44362e-010,-0.0027081
7.44362e-010,-0.0027081
9.44362e-010,-0.0027081
1.14436e-009,-0.000498374
1.34436e-009,0.00171136
1.54436e-009,-0.000498374
1.74436e-009,-0.0027081
1.94436e-009,-0.0027081
2.14436e-009,0.00171136
2.34436e-009,-0.000498374
2.54436e-009,-0.000498374
2.74436e-009,-0.000498374
2.94436e-009,-0.000498374
3.14436e-009,0.00392109
3.34436e-009,0.00171136
3.54436e-009,-0.000498374
3.74436e-009,-0.000498374
3.94436e-009,-0.0027081
4.14436e-009,-0.0027081
4.34436e-009,-0.0027081
4.54436e-009,-0.000498374
4.74436e-009,0.00613082
4.94436e-009,-0.0027081
5.14436e-009,-0.000498374
5.34436e-009,-0.000498374
5.54436e-009,-0.000498374
5.74436e-009,-0.000498374
5.94436e-009,-0.000498374
6.14436e-009,-0.000498374
6.34436e-009,-0.0027081
6.54436e-009,-0.000498374
6.74436e-009,0.00171136
6.94436e-009,-0.000498374
7.14436e-009,-0.000498374
7.34436e-009,-0.00491783
7.54436e-009,0.00171136
7.74436e-009,-0.000498374
7.94436e-009,0.00171136
8.14436e-009,0.00171136
8.34436e-009,-0.000498374
8.54436e-009,0.00171136
8.74436e-009,0.00392109
8.94436e-009,-0.000498374
9.14436e-009,-0.0027081
9.34436e-009,0.00171136
9.54436e-009,-0.000498374
9.74436e-009,-0.0027081
9.94436e-009,-0.000498374
1.01444e-008,-0.000498374
1.03444e-008,-0.000498374
1.05444e-008,0.00392109
1.07444e-008,-0.000498374
1.09444e-008,0.00171136
1.11444e-008,-0.000498374
1.13444e-008,-0.000498374
1.15444e-008,-0.000498374
1.17444e-008,-0.0027081
1.19444e-008,-0.000498374
1.21444e-008,-0.000498374
1.23444e-008,-0.000498374
1.25444e-008,-0.0027081
1.27444e-008,-0.000498374
1.29444e-008,0.00171136
1.31444e-008,-0.000498374
1.33444e-008,0.00392109
1.35444e-008,-0.000498374
1.37444e-008,-0.000498374
1.39444e-008,-0.0027081
1.41444e-008,-0.0027081
1.43444e-008,-0.000498374
1.45444e-008,0.00171136
1.47444e-008,-0.000498374
1.49444e-008,0.00392109
1.51444e-008,0.00171136
1.53444e-008,-0.0027081
1.55444e-008,-0.0027081
1.57444e-008,-0.0027081
1.59444e-008,-0.0027081
1.61444e-008,0.00392109
1.63444e-008,0.00171136
1.65444e-008,-0.0027081
1.67444e-008,-0.0027081
1.69444e-008,-0.0027081
1.71444e-008,-0.000498374
1.73444e-008,-0.0027081
1.75444e-008,0.00171136
1.77444e-008,-0.000498374
1.79444e-008,0.00392109
1.81444e-008,0.00171136
1.83444e-008,0.00613082
1.85444e-008,0.00171136
1.87444e-008,-0.000498374
1.89444e-008,-0.0027081
1.91444e-008,-0.000498374
1.93444e-008,-0.0027081
1.95444e-008,-0.0027081
1.97444e-008,-0.000498374
1.99444e-008,0.00171136
2.01444e-008,-0.0027081
2.03444e-008,-0.000498374
2.05444e-008,-0.000498374
2.07444e-008,0.00392109
2.09444e-008,-0.000498374
2.11444e-008,-0.0027081
2.13444e-008,-0.000498374
2.15444e-008,-0.0027081
2.17444e-008,-0.00491783
2.19444e-008,-0.000498374
2.21444e-008,-0.000498374
2.23444e-008,-0.000498374
2.25444e-008,0.00171136
2.27444e-008,0.00392109
2.29444e-008,0.00171136
2.31444e-008,0.00171136
2.33444e-008,-0.000498374
2.35444e-008,0.00171136
2.37444e-008,0.00171136
2.39444e-008,0.00171136
2.41444e-008,0.00171136
2.43444e-008,0.00171136
2.45444e-008,0.00171136
2.47444e-008,0.00392109
2.49444e-008,-0.0027081
2.51444e-008,-0.0027081
2.53444e-008,-0.00491783
2.55444e-008,-0.0027081
2.57444e-008,-0.0027081
2.59444e-008,0.00171136
2.61444e-008,0.00834055
2.63444e-008,-0.000498374
2.65444e-008,0.00392109
2.67444e-008,0.00171136
2.69444e-008,-0.0027081
2.71444e-008,-0.000498374
2.73444e-008,-0.000498374
2.75444e-008,0.00171136
2.77444e-008,0.00392109
2.79444e-008,0.00392109
2.81444e-008,-0.0027081
2.83444e-008,-0.000498374
2.85444e-008,-0.0027081
2.87444e-008,-0.0027081
2.89444e-008,-0.000498374
2.91444e-008,0.00171136
2.93444e-008,0.00171136
2.95444e-008,-0.00491783
2.97444e-008,-0.000498374
2.99444e-008,-0.0027081
3.01444e-008,0.00171136
3.03444e-008,0.00171136
3.05444e-008,0.00171136
3.07444e-008,-0.0027081
3.09444e-008,0.00171136
3.11444e-008,0.00171136
3.13444e-008,-0.0027081
3.15444e-008,-0.0027081
3.17444e-008,-0.000498374
3.19444e-008,-0.0027081
3.21444e-008,-0.0027081
3.23444e-008,-0.000498374
3.25444e-008,0.00171136
3.27444e-008,-0.000498374
3.29444e-008,-0.000498374
3.31444e-008,0.00392109
3.33444e-008,0.00171136
3.35444e-008,0.00392109
3.37444e-008,-0.000498374
3.39444e-008,0.00171136
3.41444e-008,0.00392109
3.43444e-008,-0.000498374
3.45444e-008,0.00392109
3.47444e-008,0.00392109
3.49444e-008,0.00392109
3.51444e-008,0.00392109
3.53444e-008,0.00171136
3.55444e-008,0.00171136
3.57444e-008,-0.00491783
3.59444e-008,-0.0027081
3.61444e-008,-0.00491783
3.63444e-008,-0.0027081
3.65444e-008,-0.000498374
3.67444e-008,-0.0027081
3.69444e-008,-0.00712756
3.71444e-008,-0.00491783
3.73444e-008,-0.0027081
3.75444e-008,-0.00491783
3.77444e-008,-0.00491783
3.79444e-008,-0.000498374
3.81444e-008,0.00171136
3.83444e-008,-0.000498374
3.85444e-008,-0.00491783
3.87444e-008,0.00171136
3.89444e-008,0.00171136
3.91444e-008,-0.0027081
3.93444e-008,-0.000498374
3.95444e-008,-0.000498374
3.97444e-008,0.00171136
3.99444e-008,-0.000498374
4.01444e-008,0.00392109
4.03444e-008,0.00171136
4.05444e-008,-0.000498374
4.07444e-008,-0.000498374
4.09444e-008,-0.000498374
4.11444e-008,-0.000498374
4.13444e-008,0.00171136
4.15444e-008,0.00171136
4.17444e-008,0.00171136
4.19444e-008,0.00171136
4.21444e-008,-0.000498374
4.23444e-008,-0.000498374
4.25444e-008,-0.0027081
4.27444e-008,0.00171136
4.29444e-008,-0.0027081
4.31444e-008,-0.00491783
4.33444e-008,-0.0027081
4.35444e-008,-0.0027081
4.37444e-008,0.00171136
4.39444e-008,-0.000498374
4.41444e-008,-0.000498374
4.43444e-008,-0.0027081
4.45444e-008,-0.0027081
4.47444e-008,-0.000498374
4.49444e-008,-0.000498374
4.51444e-008,0.00171136
4.53444e-008,0.00171136
4.55444e-008,-0.000498374
4.57444e-008,-0.0027081
4.59444e-008,0.00171136
4.61444e-008,0.00392109
4.63444e-008,-0.0027081
4.65444e-008,-0.000498374
4.67444e-008,0.00392109
4.69444e-008,0.00392109
4.71444e-008,0.00392109
4.73444e-008,0.00171136
4.75444e-008,-0.00491783
4.77444e-008,-0.000498374
4.79444e-008,-0.000498374
4.81444e-008,-0.000498374
4.83444e-008,-0.000498374
4.85444e-008,-0.000498374
4.87444e-008,-0.0027081
4.89444e-008,-0.0027081
4.91444e-008,-0.00491783
4.93444e-008,-0.00712756
4.95444e-008,-0.00491783
4.97444e-008,-0.00491783
4.99444e-008,0.00392109
5.01444e-008,-0.000498374
5.03444e-008,-0.000498374
5.05444e-008,0.00392109
5.07444e-008,0.00171136
5.09444e-008,0.00171136
5.11444e-008,-0.0027081
5.13444e-008,0.00171136
5.15444e-008,0.00171136
5.17444e-008,0.00171136
5.19444e-008,0.00171136
5.21444e-008,0.00171136
5.23444e-008,-0.0027081
5.25444e-008,-0.0027081
5.27444e-008,0.00171136
5.29444e-008,-0.000498374
5.31444e-008,-0.000498374
5.33444e-008,-0.00491783
5.35444e-008,-0.0027081
5.37444e-008,0.00392109
5.39444e-008,0.00171136
5.41444e-008,-0.000498374
5.43444e-008,0.00171136
5.45444e-008,-0.000498374
5.47444e-008,0.00171136
5.49444e-008,-0.000498374
5.51444e-008,0.00171136
5.53444e-008,-0.00491783
5.55444e-008,0.00392109
5.57444e-008,0.00171136
5.59444e-008,0.00171136
5.61444e-008,-0.000498374
5.63444e-008,-0.000498374
5.65444e-008,0.00171136
5.67444e-008,0.00171136
5.69444e-008,-0.0027081
5.71444e-008,-0.000498374
5.73444e-008,-0.000498374
5.75444e-008,-0.0027081
5.77444e-008,0.00171136
5.79444e-008,0.00171136
5.81444e-008,0.00392109
5.83444e-008,0.00171136
5.85444e-008,0.00392109
5.87444e-008,0.00171136
5.89444e-008,-0.0027081
5.91444e-008,-0.000498374
5.93444e-008,-0.0027081
5.95444e-008,0.00171136
5.97444e-008,-0.0027081
5.99444e-008,0.00171136
6.01444e-008,-0.0027081
6.03444e-008,-0.000498374
6.05444e-008,0.00171136
6.07444e-008,0.00171136
6.09444e-008,0.00171136
6.11444e-008,-0.0027081
6.13444e-008,-0.000498374
6.15444e-008,-0.000498374
6.17444e-008,-0.000498374
6.19444e-008,0.00171136
6.21444e-008,0.00171136
6.23444e-008,-0.0027081
6.25444e-008,-0.000498374
6.27444e-008,0.00392109
6.29444e-008,0.00171136
6.31444e-008,0.00171136
6.33444e-008,-0.0027081
6.35444e-008,0.00171136
6.37444e-008,-0.000498374
6.39444e-008,-0.000498374
6.41444e-008,-0.0027081
6.43444e-008,-0.0027081
6.45444e-008,0.00171136
6.47444e-008,-0.000498374
6.49444e-008,-0.000498374
6.51444e-008,0.00171136
6.53444e-008,-0.0027081
6.55444e-008,-0.000498374
6.57444e-008,0.00171136
6.59444e-008,-0.000498374
6.61444e-008,-0.000498374
6.63444e-008,-0.000498374
6.65444e-008,-0.000498374
6.67444e-008,-0.00491783
6.69444e-008,-0.00491783
6.71444e-008,0.00171136
6.73444e-008,-0.000498374
6.75444e-008,0.00171136
6.77444e-008,0.00171136
6.79444e-008,-0.000498374
6.81444e-008,-0.000498374
6.83444e-008,-0.000498374
6.85444e-008,0.00171136
6.87444e-008,-0.000498374
6.89444e-008,-0.000498374
6.91444e-008,-0.00491783
6.93444e-008,-0.00712756
6.95444e-008,-0.0027081
6.97444e-008,-0.00491783
6.99444e-008,-0.0027081
7.01444e-008,-0.000498374
7.03444e-008,0.00171136
7.05444e-008,0.00392109
7.07444e-008,0.00392109
7.09444e-008,0.00392109
7.11444e-008,0.00392109
7.13444e-008,0.00392109
7.15444e-008,0.00171136
7.17444e-008,0.00171136
7.19444e-008,-0.0027081
7.21444e-008,-0.000498374
7.23444e-008,-0.0027081
7.25444e-008,-0.0027081
7.27444e-008,-0.0027081
7.29444e-008,-0.0027081
7.31444e-008,-0.000498374
7.33444e-008,-0.000498374
7.35444e-008,-0.0027081
7.37444e-008,-0.000498374
7.39444e-008,0.00392109
7.41444e-008,0.00171136
7.43444e-008,0.00392109
7.45444e-008,0.00171136
7.47444e-008,0.00171136
7.49444e-008,-0.0027081
7.51444e-008,-0.0027081
7.53444e-008,-0.0027081
7.55444e-008,-0.0027081
7.57444e-008,-0.00933729
7.59444e-008,-0.00491783
7.61444e-008,-0.000498374
7.63444e-008,-0.000498374
7.65444e-008,-0.0027081
7.67444e-008,0.00392109
7.69444e-008,0.00392109
7.71444e-008,0.00171136
7.73444e-008,-0.000498374
7.75444e-008,-0.0027081
7.77444e-008,0.00392109
7.79444e-008,0.00171136
7.81444e-008,-0.00491783
7.83444e-008,-0.000498374
7.85444e-008,-0.0027081
7.87444e-008,-0.000498374
7.89444e-008,-0.00491783
7.91444e-008,0.00171136
7.93444e-008,0.00171136
7.95444e-008,0.00392109
7.97444e-008,0.00171136
7.99444e-008,0.00171136
8.01444e-008,0.00392109
8.03444e-008,-0.0027081
8.05444e-008,-0.00491783
8.07444e-008,-0.0027081
8.09444e-008,-0.0027081
8.11444e-008,-0.000498374
8.13444e-008,-0.0027081
8.15444e-008,-0.000498374
8.17444e-008,-0.000498374
8.19444e-008,0.00171136
8.21444e-008,0.00171136
8.23444e-008,-0.000498374
8.25444e-008,-0.000498374
8.27444e-008,0.00613082
8.29444e-008,0.00171136
8.31444e-008,0.00171136
8.33444e-008,-0.000498374
8.35444e-008,-0.000498374
8.37444e-008,-0.000498374
8.39444e-008,0.00171136
8.41444e-008,-0.000498374
8.43444e-008,-0.0027081
8.45444e-008,-0.000498374
8.47444e-008,-0.0027081
8.49444e-008,-0.0027081
8.51444e-008,-0.000498374
8.53444e-008,-0.000498374
8.55444e-008,-0.0027081
8.57444e-008,-0.0027081
8.59444e-008,0.00171136
8.61444e-008,0.00171136
8.63444e-008,0.00392109
8.65444e-008,0.00171136
8.67444e-008,0.00613082
8.69444e-008,0.00171136
8.71444e-008,-0.0027081
8.73444e-008,0.00171136
8.75444e-008,-0.0027081
8.77444e-008,-0.00491783
8.79444e-008,0.00171136
8.81444e-008,-0.000498374
8.83444e-008,-0.000498374
8.85444e-008,-0.0027081
8.87444e-008,-0.000498374
8.89444e-008,-0.000498374
8.91444e-008,-0.0027081
8.93444e-008,-0.000498374
8.95444e-008,-0.0027081
8.97444e-008,-0.000498374
8.99444e-008,-0.000498374
9.01444e-008,-0.000498374
9.03444e-008,0.00171136
9.05444e-008,-0.000498374
9.07444e-008,-0.000498374
9.09444e-008,-0.0027081
9.11444e-008,-0.0027081
9.13444e-008,-0.0027081
9.15444e-008,-0.00491783
9.17444e-008,-0.0027081
9.19444e-008,-0.00491783
9.21444e-008,-0.0027081
9.23444e-008,-0.000498374
9.25444e-008,-0.0027081
9.27444e-008,0.00171136
9.29444e-008,-0.000498374
9.31444e-008,-0.0027081
9.33444e-008,-0.000498374
9.35444e-008,-0.000498374
9.37444e-008,-0.000498374
9.39444e-008,0.00171136
9.41444e-008,-0.0027081
9.43444e-008,-0.0027081
9.45444e-008,-0.000498374
9.47444e-008,0.00171136
9.49444e-008,0.00613082
9.51444e-008,0.00171136
9.53444e-008,0.00171136
9.55444e-008,0.00171136
9.57444e-008,-0.000498374
9.59444e-008,-0.000498374
9.61444e-008,-0.0027081
9.63444e-008,-0.000498374
9.65444e-008,-0.0027081
9.67444e-008,0.00171136
9.69444e-008,0.00171136
9.71444e-008,0.00171136
9.73444e-008,0.00171136
9.75444e-008,-0.000498374
9.77444e-008,-0.0027081
9.79444e-008,0.00171136
9.81444e-008,-0.00491783
9.83444e-008,-0.0027081
9.85444e-008,-0.0027081
9.87444e-008,0.00171136
9.89444e-008,-0.0027081
9.91444e-008,-0.0027081
9.93444e-008,0.00171136
9.95444e-008,-0.000498374
9.97444e-008,-0.00491783
9.99444e-008,-0.000498374
1.00144e-007,-0.0027081
1.00344e-007,-0.0027081
1.00544e-007,-0.000498374
1.00744e-007,0.00171136
1.00944e-007,-0.00491783
1.01144e-007,-0.000498374
1.01344e-007,-0.0027081
1.01544e-007,-0.0027081
1.01744e-007,-0.0027081
1.01944e-007,-0.000498374
1.02144e-007,-0.0027081
1.02344e-007,-0.000498374
1.02544e-007,0.00171136
1.02744e-007,0.00392109
1.02944e-007,0.00392109
1.03144e-007,0.00171136
1.03344e-007,-0.0027081
1.03544e-007,-0.000498374
1.03744e-007,-0.000498374
1.03944e-007,-0.00491783
1.04144e-007,-0.0027081
1.04344e-007,-0.000498374
1.04544e-007,-0.0027081
1.04744e-007,-0.000498374
1.04944e-007,-0.000498374
1.05144e-007,-0.000498374
1.05344e-007,0.00171136
1.05544e-007,0.00392109
1.05744e-007,-0.0027081
1.05944e-007,-0.000498374
1.06144e-007,-0.0027081
1.06344e-007,-0.000498374
1.06544e-007,0.00171136
1.06744e-007,-0.000498374
1.06944e-007,0.00171136
1.07144e-007,0.00171136
1.07344e-007,0.00171136
1.07544e-007,-0.000498374
1.07744e-007,0.00171136
1.07944e-007,-0.00491783
1.08144e-007,-0.0027081
1.08344e-007,-0.0027081
1.08544e-007,-0.0027081
1.08744e-007,-0.0027081
1.08944e-007,-0.0027081
1.09144e-007,-0.000498374
1.09344e-007,-0.000498374
1.09544e-007,-0.0027081
1.09744e-007,0.00171136
1.09944e-007,0.00392109
1.10144e-007,0.00171136
1.10344e-007,0.00392109
1.10544e-007,0.00171136
1.10744e-007,0.00171136
1.10944e-007,0.00171136
1.11144e-007,-0.000498374
1.11344e-007,0.00392109
1.11544e-007,-0.000498374
1.11744e-007,-0.000498374
1.11944e-007,0.00392109
1.12144e-007,-0.000498374
1.12344e-007,0.00171136
1.12544e-007,-0.000498374
1.12744e-007,-0.000498374
1.12944e-007,-0.000498374
1.13144e-007,0.00392109
1.13344e-007,0.00171136
1.13544e-007,-0.0027081
1.13744e-007,-0.000498374
1.13944e-007,0.00171136
1.14144e-007,-0.000498374
1.14344e-007,-0.0027081
1.14544e-007,-0.000498374
1.14744e-007,0.00171136
1.14944e-007,0.00171136
1.15144e-007,-0.00491783
1.15344e-007,-0.00491783
1.15544e-007,-0.00491783
1.15744e-007,-0.000498374
1.15944e-007,-0.000498374
1.16144e-007,-0.000498374
1.16344e-007,-0.000498374
1.16544e-007,-0.000498374
1.16744e-007,-0.000498374
1.16944e-007,-0.0027081
1.17144e-007,0.00171136
1.17344e-007,-0.000498374
1.17544e-007,-0.0027081
1.17744e-007,-0.0027081
1.17944e-007,0.00171136
1.18144e-007,-0.000498374
1.18344e-007,0.00171136
1.18544e-007,0.00171136
1.18744e-007,0.00392109
1.18944e-007,0.00171136
1.19144e-007,0.00171136
1.19344e-007,-0.0027081
1.19544e-007,-0.0027081
1.19744e-007,0.00392109
1.19944e-007,0.00171136
1.20144e-007,-0.000498374
1.20344e-007,-0.000498374
1.20544e-007,0.00171136
1.20744e-007,-0.0027081
1.20944e-007,0.00171136
1.21144e-007,0.00171136
1.21344e-007,-0.000498374
1.21544e-007,-0.0027081
1.21744e-007,-0.000498374
1.21944e-007,-0.000498374
1.22144e-007,0.00171136
1.22344e-007,0.00171136
1.22544e-007,-0.000498374
1.22744e-007,-0.000498374
1.22944e-007,-0.000498374
1.23144e-007,0.00171136
1.23344e-007,-0.0027081
1.23544e-007,-0.000498374
1.23744e-007,0.00171136
1.23944e-007,-0.0027081
1.24144e-007,-0.000498374
1.24344e-007,-0.000498374
1.24544e-007,-0.00491783
1.24744e-007,-0.0027081
1.24944e-007,-0.000498374
1.25144e-007,0.00171136
1.25344e-007,-0.000498374
1.25544e-007,-0.000498374
1.25744e-007,0.00392109
1.25944e-007,0.00171136
1.26144e-007,0.00171136
1.26344e-007,0.00171136
1.26544e-007,0.00171136
1.26744e-007,-0.0027081
1.26944e-007,0.00171136
1.27144e-007,0.00392109
1.27344e-007,-0.000498374
1.27544e-007,-0.000498374
1.27744e-007,-0.000498374
1.27944e-007,-0.0027081
1.28144e-007,-0.000498374
1.28344e-007,-0.000498374
1.28544e-007,0.00392109
1.28744e-007,0.00392109
1.28944e-007,-0.000498374
1.29144e-007,0.00171136
1.29344e-007,-0.000498374
1.29544e-007,-0.000498374
1.29744e-007,-0.0027081
1.29944e-007,0.00171136
1.30144e-007,-0.000498374
1.30344e-007,-0.000498374
1.30544e-007,0.00171136
1.30744e-007,-0.000498374
1.30944e-007,-0.000498374
1.31144e-007,-0.000498374
1.31344e-007,-0.00491783
1.31544e-007,-0.0027081
1.31744e-007,-0.0027081
1.31944e-007,-0.000498374
1.32144e-007,0.00171136
1.32344e-007,-0.0027081
1.32544e-007,0.00171136
1.32744e-007,0.00171136
1.32944e-007,0.00392109
1.33144e-007,0.00171136
1.33344e-007,-0.000498374
1.33544e-007,-0.000498374
1.33744e-007,0.00171136
1.33944e-007,-0.000498374
1.34144e-007,-0.000498374
1.34344e-007,-0.000498374
1.34544e-007,-0.0027081
1.34744e-007,0.00171136
1.34944e-007,0.00392109
1.35144e-007,-0.000498374
1.35344e-007,-0.000498374
1.35544e-007,-0.000498374
1.35744e-007,0.00171136
1.35944e-007,-0.0027081
1.36144e-007,-0.000498374
1.36344e-007,0.00171136
1.36544e-007,0.00171136
1.36744e-007,-0.0027081
1.36944e-007,-0.00491783
1.37144e-007,0.00171136
1.37344e-007,0.00171136
1.37544e-007,-0.000498374
1.37744e-007,0.00171136
1.37944e-007,-0.000498374
1.38144e-007,-0.000498374
1.38344e-007,-0.0027081
1.38544e-007,-0.000498374
1.38744e-007,-0.000498374
1.38944e-007,-0.0027081
1.39144e-007,-0.000498374
1.39344e-007,-0.000498374
1.39544e-007,0.00392109
1.39744e-007,0.00171136
1.39944e-007,-0.0027081
1.40144e-007,-0.0027081
1.40344e-007,0.00171136
1.40544e-007,0.00171136
1.40744e-007,0.00171136
1.40944e-007,-0.000498374
1.41144e-007,-0.000498374
1.41344e-007,0.00171136
1.41544e-007,0.00171136
1.41744e-007,-0.00491783
1.41944e-007,-0.0027081
1.42144e-007,-0.000498374
1.42344e-007,0.00171136
1.42544e-007,0.00171136
1.42744e-007,0.00392109
1.42944e-007,0.00171136
1.43144e-007,0.00171136
1.43344e-007,0.00171136
1.43544e-007,-0.0027081
1.43744e-007,0.00171136
1.43944e-007,-0.000498374
1.44144e-007,-0.000498374
1.44344e-007,0.00392109
1.44544e-007,-0.000498374
1.44744e-007,-0.000498374
1.44944e-007,-0.000498374
1.45144e-007,-0.0027081
1.45344e-007,-0.000498374
1.45544e-007,-0.000498374
1.45744e-007,-0.000498374
1.45944e-007,-0.0027081
1.46144e-007,0.00392109
1.46344e-007,0.00392109
1.46544e-007,-0.0027081
1.46744e-007,-0.000498374
1.46944e-007,-0.000498374
1.47144e-007,0.00171136
1.47344e-007,0.00171136
1.47544e-007,-0.0027081
1.47744e-007,-0.0027081
1.47944e-007,0.00392109
1.48144e-007,-0.000498374
1.48344e-007,-0.0027081
1.48544e-007,-0.0027081
1.48744e-007,-0.000498374
1.48944e-007,-0.00933729
1.49144e-007,-0.000498374
1.49344e-007,0.00171136
1.49544e-007,-0.000498374
1.49744e-007,0.00171136
1.49944e-007,-0.000498374
1.50144e-007,-0.0027081
1.50344e-007,0.00171136
1.50544e-007,-0.000498374
1.50744e-007,0.00171136
1.50944e-007,-0.000498374
1.51144e-007,0.00392109
1.51344e-007,-0.000498374
1.51544e-007,0.00171136
1.51744e-007,-0.000498374
1.51944e-007,0.00392109
1.52144e-007,0.00171136
1.52344e-007,-0.000498374
1.52544e-007,0.00392109
1.52744e-007,0.00392109
1.52944e-007,0.00171136
1.53144e-007,0.00171136
1.53344e-007,0.00392109
1.53544e-007,0.00171136
1.53744e-007,-0.000498374
1.53944e-007,0.00613082
1.54144e-007,0.00171136
1.54344e-007,0.00171136
1.54544e-007,0.00392109
1.54744e-007,-0.000498374
1.54944e-007,-0.000498374
1.55144e-007,-0.000498374
1.55344e-007,0.00392109
1.55544e-007,0.00171136
1.55744e-007,-0.000498374
1.55944e-007,-0.000498374
1.56144e-007,-0.000498374
1.56344e-007,-0.000498374
1.56544e-007,-0.0027081
1.56744e-007,-0.0027081
1.56944e-007,-0.000498374
1.57144e-007,-0.000498374
1.57344e-007,0.00171136
1.57544e-007,0.00171136
1.57744e-007,0.00613082
1.57944e-007,0.00171136
1.58144e-007,0.00171136
1.58344e-007,-0.000498374
1.58544e-007,-0.0027081
1.58744e-007,-0.0027081
1.58944e-007,-0.0027081
1.59144e-007,0.00171136
1.59344e-007,-0.000498374
1.59544e-007,-0.0027081
1.59744e-007,-0.000498374
1.59944e-007,-0.0027081
1.60144e-007,-0.000498374
1.60344e-007,0.00171136
1.60544e-007,-0.000498374
1.60744e-007,0.00171136
1.60944e-007,0.00392109
1.61144e-007,-0.000498374
1.61344e-007,-0.0027081
1.61544e-007,-0.00491783
1.61744e-007,0.00392109
1.61944e-007,-0.000498374
1.62144e-007,0.00392109
1.62344e-007,0.00171136
1.62544e-007,0.00392109
1.62744e-007,0.00171136
1.62944e-007,-0.000498374
1.63144e-007,-0.000498374
1.63344e-007,-0.000498374
1.63544e-007,-0.000498374
1.63744e-007,-0.000498374
1.63944e-007,-0.0027081
1.64144e-007,0.00171136
1.64344e-007,0.00171136
1.64544e-007,-0.0027081
1.64744e-007,-0.000498374
1.64944e-007,0.00171136
1.65144e-007,-0.0027081
1.65344e-007,-0.000498374
1.65544e-007,-0.00491783
1.65744e-007,-0.000498374
1.65944e-007,-0.0027081
1.66144e-007,-0.0027081
1.66344e-007,-0.0027081
1.66544e-007,-0.000498374
1.66744e-007,-0.000498374
1.66944e-007,-0.000498374
1.67144e-007,0.00171136
1.67344e-007,-0.000498374
1.67544e-007,-0.000498374
1.67744e-007,-0.0027081
1.67944e-007,-0.000498374
1.68144e-007,-0.000498374
1.68344e-007,0.00392109
1.68544e-007,-0.00491783
1.68744e-007,-0.000498374
1.68944e-007,0.00171136
1.69144e-007,0.00392109
1.69344e-007,0.00171136
1.69544e-007,-0.000498374
1.69744e-007,0.00392109
1.69944e-007,0.00171136
1.70144e-007,0.00171136
1.70344e-007,-0.000498374
1.70544e-007,0.00171136
1.70744e-007,-0.000498374
1.70944e-007,-0.0027081
1.71144e-007,-0.000498374
1.71344e-007,-0.0027081
1.71544e-007,-0.000498374
1.71744e-007,-0.000498374
1.71944e-007,-0.000498374
1.72144e-007,-0.0027081
1.72344e-007,-0.0027081
1.72544e-007,-0.00491783
1.72744e-007,-0.000498374
1.72944e-007,-0.0027081
1.73144e-007,-0.000498374
1.73344e-007,0.00171136
1.73544e-007,-0.000498374
1.73744e-007,0.00171136
1.73944e-007,-0.000498374
1.74144e-007,0.00171136
1.74344e-007,-0.000498374
1.74544e-007,-0.000498374
1.74744e-007,0.00171136
1.74944e-007,0.00613082
1.75144e-007,0.00171136
1.75344e-007,-0.000498374
1.75544e-007,0.00171136
1.75744e-007,0.00171136
1.75944e-007,0.00171136
1.76144e-007,-0.0027081
1.76344e-007,-0.0027081
1.76544e-007,-0.000498374
1.76744e-007,-0.000498374
1.76944e-007,-0.000498374
1.77144e-007,0.00171136
1.77344e-007,-0.000498374
1.77544e-007,-0.0027081
1.77744e-007,0.00171136
1.77944e-007,0.00171136
1.78144e-007,-0.000498374
1.78344e-007,-0.000498374
1.78544e-007,0.00171136
1.78744e-007,0.00171136
1.78944e-007,0.00171136
1.79144e-007,0.00171136
1.79344e-007,0.00171136
1.79544e-007,0.00171136
1.79744e-007,-0.000498374
1.79944e-007,0.00613082
1.80144e-007,0.00171136
1.80344e-007,-0.000498374
1.80544e-007,-0.000498374
1.80744e-007,-0.000498374
1.80944e-007,-0.0027081
1.81144e-007,-0.0027081
1.81344e-007,-0.0027081
1.81544e-007,0.00171136
1.81744e-007,0.00613082
1.81944e-007,0.00171136
1.82144e-007,0.00171136
1.82344e-007,0.00171136
1.82544e-007,-0.0027081
1.82744e-007,-0.000498374
1.82944e-007,0.00171136
1.83144e-007,-0.000498374
1.83344e-007,0.00392109
1.83544e-007,0.00171136
1.83744e-007,-0.000498374
1.83944e-007,0.00171136
1.84144e-007,-0.000498374
1.84344e-007,-0.000498374
1.84544e-007,-0.0027081
1.84744e-007,0.00171136
1.84944e-007,-0.0027081
1.85144e-007,-0.0027081
1.85344e-007,0.00392109
1.85544e-007,-0.0027081
1.85744e-007,-0.000498374
1.85944e-007,-0.0027081
1.86144e-007,0.00171136
1.86344e-007,0.00171136
1.86544e-007,0.00171136
1.86744e-007,0.00171136
1.86944e-007,-0.000498374
1.87144e-007,-0.0027081
1.87344e-007,-0.0027081
1.87544e-007,-0.000498374
1.87744e-007,-0.000498374
1.87944e-007,-0.00491783
1.88144e-007,-0.00491783
1.88344e-007,-0.0027081
1.88544e-007,-0.00491783
1.88744e-007,-0.000498374
1.88944e-007,0.00171136
1.89144e-007,0.00171136
1.89344e-007,-0.000498374
1.89544e-007,0.00171136
1.89744e-007,-0.000498374
1.89944e-007,0.00171136
1.90144e-007,-0.000498374
1.90344e-007,-0.000498374
1.90544e-007,-0.000498374
