LECROYWR6050,144,Waveform
Segments,1,SegmentSize,1002
Segment,TrigTime,TimeSinceSegment1
#1,17-Jan-2002 05:22:22,0                 
Time,Ampl
-9.60196e-009,-0.0027081
-9.40196e-009,-0.00491783
-9.20196e-009,0.00171136
-9.00196e-009,0.00392109
-8.80196e-009,0.00613082
-8.60196e-009,0.00613082
-8.40196e-009,0.00171136
-8.20196e-009,-0.000498374
-8.00196e-009,0.00171136
-7.80196e-009,-0.00491783
-7.60196e-009,-0.0027081
-7.40196e-009,-0.000498374
-7.20196e-009,0.00171136
-7.00196e-009,0.00392109
-6.80196e-009,-0.0027081
-6.60196e-009,0.00171136
-6.40196e-009,-0.000498374
-6.20196e-009,-0.0027081
-6.00196e-009,-0.000498374
-5.80196e-009,0.00392109
-5.60196e-009,-0.000498374
-5.40196e-009,-0.000498374
-5.20196e-009,-0.00491783
-5.00196e-009,0.00171136
-4.80196e-009,-0.000498374
-4.60196e-009,-0.0027081
-4.40196e-009,-0.00491783
-4.20196e-009,-0.000498374
-4.00196e-009,-0.0027081
-3.80196e-009,-0.000498374
-3.60196e-009,-0.000498374
-3.40196e-009,0.00171136
-3.20196e-009,-0.000498374
-3.00196e-009,-0.000498374
-2.80196e-009,0.00171136
-2.60196e-009,-0.0027081
-2.40196e-009,0.00171136
-2.20196e-009,-0.000498374
-2.00196e-009,-0.000498374
-1.80196e-009,-0.0027081
-1.60196e-009,0.00171136
-1.40196e-009,-0.000498374
-1.20196e-009,-0.000498374
-1.00196e-009,-0.000498374
-8.01965e-010,-0.0027081
-6.01965e-010,0.00392109
-4.01965e-010,0.00171136
-2.01965e-010,0.00171136
-1.96478e-012,0.00171136
1.98035e-010,-0.0027081
3.98035e-010,-0.000498374
5.98035e-010,-0.00491783
7.98035e-010,-0.000498374
9.98035e-010,0.00171136
1.19804e-009,0.00171136
1.39804e-009,-0.000498374
1.59804e-009,0.00171136
1.79804e-009,-0.000498374
1.99804e-009,-0.000498374
2.19804e-009,0.00171136
2.39804e-009,-0.000498374
2.59804e-009,0.00171136
2.79804e-009,-0.000498374
2.99804e-009,-0.000498374
3.19804e-009,-0.0027081
3.39804e-009,-0.000498374
3.59804e-009,-0.000498374
3.79804e-009,-0.000498374
3.99804e-009,-0.000498374
4.19804e-009,-0.0027081
4.39804e-009,0.00392109
4.59804e-009,0.00171136
4.79804e-009,0.00171136
4.99804e-009,0.00392109
5.19804e-009,0.00171136
5.39804e-009,0.00392109
5.59804e-009,0.00392109
5.79804e-009,0.00171136
5.99804e-009,0.00171136
6.19804e-009,-0.0027081
6.39804e-009,-0.0027081
6.59804e-009,0.00171136
6.79804e-009,0.00171136
6.99804e-009,-0.000498374
7.19804e-009,0.00171136
7.39804e-009,-0.000498374
7.59804e-009,0.00171136
7.79804e-009,0.00171136
7.99804e-009,0.00171136
8.19804e-009,0.00171136
8.39804e-009,-0.0027081
8.59804e-009,-0.0027081
8.79804e-009,-0.0027081
8.99804e-009,0.00392109
9.19804e-009,0.00171136
9.39804e-009,-0.000498374
9.59804e-009,-0.0027081
9.79804e-009,-0.0027081
9.99804e-009,-0.00491783
1.0198e-008,-0.000498374
1.0398e-008,0.00171136
1.0598e-008,-0.000498374
1.0798e-008,-0.000498374
1.0998e-008,-0.000498374
1.1198e-008,-0.00491783
1.1398e-008,-0.000498374
1.1598e-008,-0.00712756
1.1798e-008,-0.000498374
1.1998e-008,-0.00491783
1.2198e-008,0.00171136
1.2398e-008,-0.000498374
1.2598e-008,-0.000498374
1.2798e-008,-0.0027081
1.2998e-008,-0.0027081
1.3198e-008,-0.000498374
1.3398e-008,-0.000498374
1.3598e-008,-0.0027081
1.3798e-008,0.00171136
1.3998e-008,-0.0027081
1.4198e-008,0.00171136
1.4398e-008,-0.00491783
1.4598e-008,-0.000498374
1.4798e-008,0.00171136
1.4998e-008,-0.000498374
1.5198e-008,-0.0027081
1.5398e-008,-0.000498374
1.5598e-008,-0.000498374
1.5798e-008,-0.000498374
1.5998e-008,0.00171136
1.6198e-008,-0.000498374
1.6398e-008,0.00171136
1.6598e-008,0.00171136
1.6798e-008,-0.000498374
1.6998e-008,0.00171136
1.7198e-008,-0.0027081
1.7398e-008,0.00171136
1.7598e-008,-0.0027081
1.7798e-008,0.00171136
1.7998e-008,-0.000498374
1.8198e-008,-0.000498374
1.8398e-008,-0.0027081
1.8598e-008,0.00171136
1.8798e-008,-0.000498374
1.8998e-008,-0.0027081
1.9198e-008,0.00171136
1.9398e-008,-0.000498374
1.9598e-008,0.00171136
1.9798e-008,-0.0027081
1.9998e-008,-0.000498374
2.0198e-008,-0.00491783
2.0398e-008,-0.000498374
2.0598e-008,-0.000498374
2.0798e-008,-0.000498374
2.0998e-008,0.00392109
2.1198e-008,-0.000498374
2.1398e-008,-0.000498374
2.1598e-008,0.00171136
2.1798e-008,0.00171136
2.1998e-008,0.00171136
2.2198e-008,-0.000498374
2.2398e-008,-0.000498374
2.2598e-008,-0.0027081
2.2798e-008,-0.000498374
2.2998e-008,-0.000498374
2.3198e-008,-0.000498374
2.3398e-008,-0.000498374
2.3598e-008,-0.0027081
2.3798e-008,0.00392109
2.3998e-008,0.00171136
2.4198e-008,-0.00491783
2.4398e-008,-0.0027081
2.4598e-008,0.00392109
2.4798e-008,0.00171136
2.4998e-008,-0.0027081
2.5198e-008,0.00171136
2.5398e-008,-0.0027081
2.5598e-008,-0.0027081
2.5798e-008,0.00171136
2.5998e-008,0.00171136
2.6198e-008,0.00171136
2.6398e-008,-0.000498374
2.6598e-008,-0.000498374
2.6798e-008,0.00392109
2.6998e-008,-0.000498374
2.7198e-008,-0.00491783
2.7398e-008,-0.0027081
2.7598e-008,-0.0027081
2.7798e-008,-0.0027081
2.7998e-008,0.00171136
2.8198e-008,-0.000498374
2.8398e-008,-0.000498374
2.8598e-008,-0.000498374
2.8798e-008,-0.000498374
2.8998e-008,-0.000498374
2.9198e-008,-0.00491783
2.9398e-008,-0.000498374
2.9598e-008,-0.000498374
2.9798e-008,-0.0027081
2.9998e-008,0.00171136
3.0198e-008,-0.000498374
3.0398e-008,-0.000498374
3.0598e-008,-0.0027081
3.0798e-008,-0.000498374
3.0998e-008,-0.000498374
3.1198e-008,-0.00491783
3.1398e-008,0.00392109
3.1598e-008,0.00392109
3.1798e-008,0.00392109
3.1998e-008,0.00392109
3.2198e-008,-0.000498374
3.2398e-008,-0.0027081
3.2598e-008,-0.0027081
3.2798e-008,-0.0027081
3.2998e-008,-0.000498374
3.3198e-008,-0.000498374
3.3398e-008,-0.0027081
3.3598e-008,-0.000498374
3.3798e-008,-0.000498374
3.3998e-008,-0.000498374
3.4198e-008,-0.000498374
3.4398e-008,-0.0027081
3.4598e-008,-0.000498374
3.4798e-008,-0.000498374
3.4998e-008,-0.000498374
3.5198e-008,-0.0027081
3.5398e-008,-0.000498374
3.5598e-008,-0.000498374
3.5798e-008,-0.000498374
3.5998e-008,-0.0027081
3.6198e-008,0.00171136
3.6398e-008,0.00392109
3.6598e-008,0.00171136
3.6798e-008,0.00171136
3.6998e-008,-0.0027081
3.7198e-008,0.00171136
3.7398e-008,0.00171136
3.7598e-008,0.00392109
3.7798e-008,0.00171136
3.7998e-008,0.00171136
3.8198e-008,0.00392109
3.8398e-008,0.00392109
3.8598e-008,-0.000498374
3.8798e-008,-0.0027081
3.8998e-008,-0.000498374
3.9198e-008,0.00392109
3.9398e-008,-0.0027081
3.9598e-008,-0.000498374
3.9798e-008,0.00171136
3.9998e-008,0.00171136
4.0198e-008,-0.00491783
4.0398e-008,-0.000498374
4.0598e-008,-0.000498374
4.0798e-008,-0.000498374
4.0998e-008,0.00171136
4.1198e-008,-0.0027081
4.1398e-008,-0.000498374
4.1598e-008,0.00171136
4.1798e-008,-0.00491783
4.1998e-008,-0.000498374
4.2198e-008,-0.000498374
4.2398e-008,0.00171136
4.2598e-008,-0.0027081
4.2798e-008,-0.0027081
4.2998e-008,0.00171136
4.3198e-008,-0.0027081
4.3398e-008,-0.000498374
4.3598e-008,-0.00491783
4.3798e-008,0.00171136
4.3998e-008,-0.0027081
4.4198e-008,-0.0027081
4.4398e-008,-0.000498374
4.4598e-008,-0.0027081
4.4798e-008,-0.00491783
4.4998e-008,-0.000498374
4.5198e-008,-0.000498374
4.5398e-008,-0.000498374
4.5598e-008,0.00392109
4.5798e-008,0.00392109
4.5998e-008,0.00171136
4.6198e-008,0.00171136
4.6398e-008,-0.000498374
4.6598e-008,-0.0027081
4.6798e-008,0.00171136
4.6998e-008,-0.000498374
4.7198e-008,-0.000498374
4.7398e-008,0.00171136
4.7598e-008,0.00392109
4.7798e-008,-0.000498374
4.7998e-008,0.00171136
4.8198e-008,-0.000498374
4.8398e-008,-0.000498374
4.8598e-008,-0.000498374
4.8798e-008,-0.000498374
4.8998e-008,-0.000498374
4.9198e-008,-0.00491783
4.9398e-008,-0.000498374
4.9598e-008,-0.0027081
4.9798e-008,0.00171136
4.9998e-008,-0.000498374
5.0198e-008,0.00171136
5.0398e-008,-0.000498374
5.0598e-008,-0.000498374
5.0798e-008,-0.0027081
5.0998e-008,-0.000498374
5.1198e-008,0.00171136
5.1398e-008,0.00171136
5.1598e-008,0.00171136
5.1798e-008,-0.000498374
5.1998e-008,-0.0027081
5.2198e-008,-0.0027081
5.2398e-008,-0.000498374
5.2598e-008,0.00171136
5.2798e-008,0.00613082
5.2998e-008,-0.000498374
5.3198e-008,-0.0027081
5.3398e-008,0.00171136
5.3598e-008,-0.0027081
5.3798e-008,-0.000498374
5.3998e-008,-0.000498374
5.4198e-008,0.00171136
5.4398e-008,-0.0027081
5.4598e-008,-0.000498374
5.4798e-008,-0.000498374
5.4998e-008,0.00392109
5.5198e-008,-0.000498374
5.5398e-008,-0.000498374
5.5598e-008,-0.00491783
5.5798e-008,-0.000498374
5.5998e-008,-0.000498374
5.6198e-008,-0.0027081
5.6398e-008,-0.000498374
5.6598e-008,0.00613082
5.6798e-008,0.00171136
5.6998e-008,0.00171136
5.7198e-008,0.00171136
5.7398e-008,0.00392109
5.7598e-008,0.00171136
5.7798e-008,0.00171136
5.7998e-008,0.00171136
5.8198e-008,-0.000498374
5.8398e-008,-0.0027081
5.8598e-008,-0.0027081
5.8798e-008,-0.000498374
5.8998e-008,-0.00491783
5.9198e-008,-0.00491783
5.9398e-008,-0.0027081
5.9598e-008,0.00171136
5.9798e-008,0.00834055
5.9998e-008,0.00171136
6.0198e-008,0.00171136
6.0398e-008,0.00171136
6.0598e-008,-0.000498374
6.0798e-008,-0.000498374
6.0998e-008,-0.0027081
6.1198e-008,-0.000498374
6.1398e-008,0.00392109
6.1598e-008,0.00171136
6.1798e-008,0.00613082
6.1998e-008,0.00392109
6.2198e-008,0.00171136
6.2398e-008,-0.000498374
6.2598e-008,0.00392109
6.2798e-008,-0.0027081
6.2998e-008,-0.000498374
6.3198e-008,0.00171136
6.3398e-008,-0.00712756
6.3598e-008,-0.000498374
6.3798e-008,0.00171136
6.3998e-008,-0.000498374
6.4198e-008,-0.000498374
6.4398e-008,-0.000498374
6.4598e-008,0.00171136
6.4798e-008,-0.0027081
6.4998e-008,0.00171136
6.5198e-008,-0.000498374
6.5398e-008,0.00171136
6.5598e-008,0.00171136
6.5798e-008,0.00171136
6.5998e-008,0.00613082
6.6198e-008,0.00392109
6.6398e-008,-0.000498374
6.6598e-008,-0.000498374
6.6798e-008,-0.000498374
6.6998e-008,-0.00491783
6.7198e-008,-0.000498374
6.7398e-008,-0.0027081
6.7598e-008,-0.00712756
6.7798e-008,-0.000498374
6.7998e-008,0.00171136
6.8198e-008,0.00171136
6.8398e-008,0.00392109
6.8598e-008,0.00613082
6.8798e-008,0.00171136
6.8998e-008,0.00392109
6.9198e-008,-0.000498374
6.9398e-008,-0.000498374
6.9598e-008,-0.00491783
6.9798e-008,-0.0027081
6.9998e-008,-0.00712756
7.0198e-008,-0.00491783
7.0398e-008,0.00171136
7.0598e-008,-0.0027081
7.0798e-008,0.00392109
7.0998e-008,-0.000498374
7.1198e-008,0.00171136
7.1398e-008,-0.0027081
7.1598e-008,-0.000498374
7.1798e-008,0.00392109
7.1998e-008,-0.000498374
7.2198e-008,-0.000498374
7.2398e-008,-0.0027081
7.2598e-008,-0.000498374
7.2798e-008,-0.0027081
7.2998e-008,-0.00491783
7.3198e-008,-0.00491783
7.3398e-008,0.00171136
7.3598e-008,-0.000498374
7.3798e-008,0.00171136
7.3998e-008,0.00171136
7.4198e-008,0.00171136
7.4398e-008,0.00613082
7.4598e-008,0.00392109
7.4798e-008,-0.000498374
7.4998e-008,-0.000498374
7.5198e-008,-0.00491783
7.5398e-008,-0.00933729
7.5598e-008,-0.00491783
7.5798e-008,-0.0027081
7.5998e-008,-0.00491783
7.6198e-008,-0.0027081
7.6398e-008,0.00171136
7.6598e-008,0.00171136
7.6798e-008,-0.000498374
7.6998e-008,-0.000498374
7.7198e-008,0.00392109
7.7398e-008,0.00834055
7.7598e-008,0.00392109
7.7798e-008,0.00171136
7.7998e-008,-0.000498374
7.8198e-008,-0.00491783
7.8398e-008,-0.00491783
7.8598e-008,-0.000498374
7.8798e-008,-0.000498374
7.8998e-008,0.00171136
7.9198e-008,0.00392109
7.9398e-008,0.00171136
7.9598e-008,0.00171136
7.9798e-008,0.00392109
7.9998e-008,0.00171136
8.0198e-008,0.00171136
8.0398e-008,-0.000498374
8.0598e-008,-0.000498374
8.0798e-008,-0.0027081
8.0998e-008,-0.000498374
8.1198e-008,-0.000498374
8.1398e-008,0.00171136
8.1598e-008,-0.000498374
8.1798e-008,0.00613082
8.1998e-008,0.00171136
8.2198e-008,-0.000498374
8.2398e-008,0.00392109
8.2598e-008,-0.000498374
8.2798e-008,0.00171136
8.2998e-008,0.00171136
8.3198e-008,-0.000498374
8.3398e-008,-0.000498374
8.3598e-008,-0.000498374
8.3798e-008,-0.00491783
8.3998e-008,-0.00491783
8.4198e-008,-0.00712756
8.4398e-008,-0.000498374
8.4598e-008,0.00392109
8.4798e-008,0.00392109
8.4998e-008,0.00392109
8.5198e-008,0.00613082
8.5398e-008,0.00392109
8.5598e-008,0.00171136
8.5798e-008,-0.000498374
8.5998e-008,-0.0027081
8.6198e-008,-0.0027081
8.6398e-008,-0.000498374
8.6598e-008,-0.000498374
8.6798e-008,-0.0027081
8.6998e-008,-0.000498374
8.7198e-008,-0.000498374
8.7398e-008,-0.000498374
8.7598e-008,-0.000498374
8.7798e-008,0.00171136
8.7998e-008,-0.000498374
8.8198e-008,-0.000498374
8.8398e-008,0.00171136
8.8598e-008,0.00171136
8.8798e-008,-0.000498374
8.8998e-008,-0.000498374
8.9198e-008,-0.0027081
8.9398e-008,0.00392109
8.9598e-008,0.00392109
8.9798e-008,-0.000498374
8.9998e-008,0.00171136
9.0198e-008,0.00171136
9.0398e-008,-0.000498374
9.0598e-008,-0.0027081
9.0798e-008,-0.00491783
9.0998e-008,-0.00491783
9.1198e-008,-0.000498374
9.1398e-008,-0.000498374
9.1598e-008,0.00171136
9.1798e-008,-0.000498374
9.1998e-008,-0.000498374
9.2198e-008,-0.000498374
9.2398e-008,-0.0027081
9.2598e-008,-0.0027081
9.2798e-008,0.00171136
9.2998e-008,-0.000498374
9.3198e-008,-0.000498374
9.3398e-008,0.00171136
9.3598e-008,0.00171136
9.3798e-008,0.00392109
9.3998e-008,0.00171136
9.4198e-008,-0.000498374
9.4398e-008,-0.000498374
9.4598e-008,0.00171136
9.4798e-008,0.00171136
9.4998e-008,-0.000498374
9.5198e-008,-0.000498374
9.5398e-008,-0.000498374
9.5598e-008,-0.000498374
9.5798e-008,-0.00491783
9.5998e-008,-0.000498374
9.6198e-008,0.00171136
9.6398e-008,0.00171136
9.6598e-008,0.00171136
9.6798e-008,-0.0027081
9.6998e-008,0.00171136
9.7198e-008,0.00171136
9.7398e-008,0.00171136
9.7598e-008,-0.000498374
9.7798e-008,0.00171136
9.7998e-008,-0.000498374
9.8198e-008,-0.000498374
9.8398e-008,-0.0027081
9.8598e-008,-0.000498374
9.8798e-008,-0.0027081
9.8998e-008,-0.00491783
9.9198e-008,-0.000498374
9.9398e-008,-0.000498374
9.9598e-008,-0.000498374
9.9798e-008,-0.0027081
9.9998e-008,-0.000498374
1.00198e-007,-0.000498374
1.00398e-007,0.00392109
1.00598e-007,0.00171136
1.00798e-007,-0.000498374
1.00998e-007,0.00171136
1.01198e-007,0.00171136
1.01398e-007,0.00392109
1.01598e-007,0.00171136
1.01798e-007,0.00171136
1.01998e-007,0.00171136
1.02198e-007,0.00392109
1.02398e-007,0.00171136
1.02598e-007,0.00392109
1.02798e-007,0.00171136
1.02998e-007,0.00171136
1.03198e-007,0.00171136
1.03398e-007,0.00171136
1.03598e-007,-0.00491783
1.03798e-007,-0.0027081
1.03998e-007,-0.0027081
1.04198e-007,-0.000498374
1.04398e-007,-0.000498374
1.04598e-007,-0.0027081
1.04798e-007,0.00171136
1.04998e-007,-0.000498374
1.05198e-007,0.00171136
1.05398e-007,0.00392109
1.05598e-007,0.00171136
1.05798e-007,0.00171136
1.05998e-007,0.00392109
1.06198e-007,-0.000498374
1.06398e-007,-0.0027081
1.06598e-007,-0.00712756
1.06798e-007,-0.000498374
1.06998e-007,-0.0027081
1.07198e-007,0.00171136
1.07398e-007,-0.000498374
1.07598e-007,-0.000498374
1.07798e-007,0.00171136
1.07998e-007,0.00171136
1.08198e-007,-0.0027081
1.08398e-007,-0.000498374
1.08598e-007,0.00171136
1.08798e-007,0.00171136
1.08998e-007,-0.000498374
1.09198e-007,-0.000498374
1.09398e-007,-0.000498374
1.09598e-007,-0.00491783
1.09798e-007,0.00171136
1.09998e-007,0.00171136
1.10198e-007,0.00392109
1.10398e-007,0.00171136
1.10598e-007,0.00392109
1.10798e-007,-0.000498374
1.10998e-007,-0.000498374
1.11198e-007,-0.000498374
1.11398e-007,0.00171136
1.11598e-007,0.00392109
1.11798e-007,-0.000498374
1.11998e-007,-0.000498374
1.12198e-007,0.00171136
1.12398e-007,-0.000498374
1.12598e-007,-0.000498374
1.12798e-007,0.00171136
1.12998e-007,-0.00491783
1.13198e-007,0.00171136
1.13398e-007,-0.000498374
1.13598e-007,-0.000498374
1.13798e-007,0.00171136
1.13998e-007,0.00834055
1.14198e-007,-0.000498374
1.14398e-007,0.00171136
1.14598e-007,-0.000498374
1.14798e-007,-0.0027081
1.14998e-007,-0.0027081
1.15198e-007,-0.000498374
1.15398e-007,-0.0027081
1.15598e-007,-0.000498374
1.15798e-007,0.00171136
1.15998e-007,0.00171136
1.16198e-007,-0.0027081
1.16398e-007,0.00171136
1.16598e-007,0.00171136
1.16798e-007,-0.000498374
1.16998e-007,-0.000498374
1.17198e-007,-0.000498374
1.17398e-007,0.00392109
1.17598e-007,-0.000498374
1.17798e-007,0.00171136
1.17998e-007,-0.000498374
1.18198e-007,0.00392109
1.18398e-007,-0.000498374
1.18598e-007,-0.00491783
1.18798e-007,-0.00491783
1.18998e-007,-0.00491783
1.19198e-007,-0.000498374
1.19398e-007,-0.000498374
1.19598e-007,-0.000498374
1.19798e-007,-0.0027081
1.19998e-007,-0.00491783
1.20198e-007,-0.000498374
1.20398e-007,-0.00491783
1.20598e-007,0.00171136
1.20798e-007,-0.0027081
1.20998e-007,-0.000498374
1.21198e-007,-0.000498374
1.21398e-007,0.00171136
1.21598e-007,-0.000498374
1.21798e-007,-0.000498374
1.21998e-007,0.00171136
1.22198e-007,-0.000498374
1.22398e-007,-0.00491783
1.22598e-007,-0.000498374
1.22798e-007,-0.0027081
1.22998e-007,-0.00491783
1.23198e-007,-0.0027081
1.23398e-007,0.00171136
1.23598e-007,-0.000498374
1.23798e-007,-0.0027081
1.23998e-007,0.00171136
1.24198e-007,-0.000498374
1.24398e-007,0.00392109
1.24598e-007,0.00171136
1.24798e-007,-0.000498374
1.24998e-007,-0.0027081
1.25198e-007,0.00171136
1.25398e-007,0.00171136
1.25598e-007,-0.000498374
1.25798e-007,0.00171136
1.25998e-007,0.00392109
1.26198e-007,-0.000498374
1.26398e-007,-0.000498374
1.26598e-007,0.00171136
1.26798e-007,-0.000498374
1.26998e-007,0.00171136
1.27198e-007,-0.000498374
1.27398e-007,-0.000498374
1.27598e-007,0.00171136
1.27798e-007,0.00171136
1.27998e-007,0.00392109
1.28198e-007,-0.000498374
1.28398e-007,-0.0027081
1.28598e-007,0.00171136
1.28798e-007,-0.000498374
1.28998e-007,-0.0027081
1.29198e-007,0.00171136
1.29398e-007,-0.000498374
1.29598e-007,-0.000498374
1.29798e-007,0.00171136
1.29998e-007,-0.000498374
1.30198e-007,-0.000498374
1.30398e-007,-0.0027081
1.30598e-007,-0.00491783
1.30798e-007,-0.00491783
1.30998e-007,-0.00491783
1.31198e-007,-0.000498374
1.31398e-007,-0.000498374
1.31598e-007,-0.000498374
1.31798e-007,-0.0027081
1.31998e-007,0.00171136
1.32198e-007,-0.000498374
1.32398e-007,0.00392109
1.32598e-007,0.00392109
1.32798e-007,0.00171136
1.32998e-007,-0.000498374
1.33198e-007,-0.000498374
1.33398e-007,0.00171136
1.33598e-007,0.00171136
1.33798e-007,0.00392109
1.33998e-007,0.00171136
1.34198e-007,0.00392109
1.34398e-007,0.00171136
1.34598e-007,-0.00491783
1.34798e-007,-0.0027081
1.34998e-007,-0.000498374
1.35198e-007,-0.000498374
1.35398e-007,0.00171136
1.35598e-007,-0.000498374
1.35798e-007,-0.0027081
1.35998e-007,-0.0027081
1.36198e-007,-0.0027081
1.36398e-007,-0.0027081
1.36598e-007,0.00171136
1.36798e-007,0.00392109
1.36998e-007,-0.000498374
1.37198e-007,-0.0027081
1.37398e-007,-0.000498374
1.37598e-007,-0.000498374
1.37798e-007,0.00171136
1.37998e-007,-0.000498374
1.38198e-007,-0.000498374
1.38398e-007,-0.000498374
1.38598e-007,0.00171136
1.38798e-007,-0.00491783
1.38998e-007,-0.000498374
1.39198e-007,0.00392109
1.39398e-007,0.00171136
1.39598e-007,-0.000498374
1.39798e-007,-0.0027081
1.39998e-007,-0.000498374
1.40198e-007,-0.0027081
1.40398e-007,-0.0027081
1.40598e-007,-0.000498374
1.40798e-007,-0.00491783
1.40998e-007,-0.0027081
1.41198e-007,0.00171136
1.41398e-007,-0.0027081
1.41598e-007,0.00392109
1.41798e-007,0.00392109
1.41998e-007,0.00392109
1.42198e-007,-0.0027081
1.42398e-007,0.00171136
1.42598e-007,0.00171136
1.42798e-007,-0.0027081
1.42998e-007,-0.0027081
1.43198e-007,0.00171136
1.43398e-007,-0.000498374
1.43598e-007,0.00171136
1.43798e-007,-0.000498374
1.43998e-007,0.00171136
1.44198e-007,-0.0027081
1.44398e-007,-0.00491783
1.44598e-007,0.00171136
1.44798e-007,0.00392109
1.44998e-007,-0.000498374
1.45198e-007,-0.0027081
1.45398e-007,-0.000498374
1.45598e-007,-0.0027081
1.45798e-007,0.00171136
1.45998e-007,0.00171136
1.46198e-007,0.00171136
1.46398e-007,-0.00491783
1.46598e-007,-0.0027081
1.46798e-007,0.00171136
1.46998e-007,0.00171136
1.47198e-007,-0.000498374
1.47398e-007,-0.000498374
1.47598e-007,-0.0027081
1.47798e-007,-0.000498374
1.47998e-007,-0.000498374
1.48198e-007,0.00392109
1.48398e-007,-0.000498374
1.48598e-007,0.00171136
1.48798e-007,-0.0027081
1.48998e-007,-0.000498374
1.49198e-007,0.00171136
1.49398e-007,-0.000498374
1.49598e-007,-0.000498374
1.49798e-007,-0.000498374
1.49998e-007,0.00171136
1.50198e-007,-0.000498374
1.50398e-007,-0.000498374
1.50598e-007,0.00171136
1.50798e-007,0.00171136
1.50998e-007,-0.000498374
1.51198e-007,0.00171136
1.51398e-007,-0.000498374
1.51598e-007,-0.0027081
1.51798e-007,-0.000498374
1.51998e-007,-0.000498374
1.52198e-007,-0.0027081
1.52398e-007,0.00392109
1.52598e-007,0.00392109
1.52798e-007,-0.000498374
1.52998e-007,-0.0027081
1.53198e-007,-0.0027081
1.53398e-007,-0.000498374
1.53598e-007,-0.000498374
1.53798e-007,-0.0027081
1.53998e-007,-0.0027081
1.54198e-007,-0.0027081
1.54398e-007,-0.0027081
1.54598e-007,-0.000498374
1.54798e-007,0.00171136
1.54998e-007,-0.0027081
1.55198e-007,-0.0027081
1.55398e-007,-0.00491783
1.55598e-007,-0.000498374
1.55798e-007,-0.00491783
1.55998e-007,-0.0027081
1.56198e-007,-0.0027081
1.56398e-007,-0.00491783
1.56598e-007,-0.000498374
1.56798e-007,0.00171136
1.56998e-007,0.00171136
1.57198e-007,0.00171136
1.57398e-007,-0.000498374
1.57598e-007,-0.000498374
1.57798e-007,-0.000498374
1.57998e-007,-0.000498374
1.58198e-007,-0.000498374
1.58398e-007,-0.0027081
1.58598e-007,-0.000498374
1.58798e-007,-0.000498374
1.58998e-007,-0.0027081
1.59198e-007,-0.0027081
1.59398e-007,-0.000498374
1.59598e-007,-0.0027081
1.59798e-007,-0.0027081
1.59998e-007,-0.000498374
1.60198e-007,0.00171136
1.60398e-007,-0.000498374
1.60598e-007,-0.000498374
1.60798e-007,-0.000498374
1.60998e-007,-0.000498374
1.61198e-007,-0.000498374
1.61398e-007,0.00392109
1.61598e-007,-0.000498374
1.61798e-007,0.00171136
1.61998e-007,0.00171136
1.62198e-007,0.00171136
1.62398e-007,-0.00491783
1.62598e-007,-0.000498374
1.62798e-007,-0.0027081
1.62998e-007,-0.0027081
1.63198e-007,-0.000498374
1.63398e-007,0.00171136
1.63598e-007,-0.0027081
1.63798e-007,-0.000498374
1.63998e-007,-0.0027081
1.64198e-007,-0.00491783
1.64398e-007,-0.000498374
1.64598e-007,-0.000498374
1.64798e-007,0.00171136
1.64998e-007,0.00171136
1.65198e-007,0.00171136
1.65398e-007,0.00392109
1.65598e-007,0.00171136
1.65798e-007,0.00392109
1.65998e-007,0.00171136
1.66198e-007,-0.000498374
1.66398e-007,-0.0027081
1.66598e-007,-0.000498374
1.66798e-007,-0.000498374
1.66998e-007,-0.000498374
1.67198e-007,-0.000498374
1.67398e-007,0.00171136
1.67598e-007,-0.0027081
1.67798e-007,-0.000498374
1.67998e-007,-0.000498374
1.68198e-007,0.00171136
1.68398e-007,-0.0027081
1.68598e-007,0.00392109
1.68798e-007,-0.000498374
1.68998e-007,-0.0027081
1.69198e-007,-0.00491783
1.69398e-007,0.00171136
1.69598e-007,-0.00491783
1.69798e-007,-0.0027081
1.69998e-007,-0.000498374
1.70198e-007,-0.0027081
1.70398e-007,-0.0027081
1.70598e-007,-0.00491783
1.70798e-007,0.00171136
1.70998e-007,-0.0027081
1.71198e-007,-0.0027081
1.71398e-007,-0.0027081
1.71598e-007,-0.0027081
1.71798e-007,-0.000498374
1.71998e-007,-0.000498374
1.72198e-007,-0.00491783
1.72398e-007,-0.0027081
1.72598e-007,-0.000498374
1.72798e-007,-0.0027081
1.72998e-007,-0.0027081
1.73198e-007,0.00171136
1.73398e-007,0.00392109
1.73598e-007,0.00392109
1.73798e-007,0.00171136
1.73998e-007,0.00392109
1.74198e-007,0.00171136
1.74398e-007,0.00171136
1.74598e-007,0.00171136
1.74798e-007,-0.0027081
1.74998e-007,-0.00491783
1.75198e-007,-0.0027081
1.75398e-007,0.00171136
1.75598e-007,0.00171136
1.75798e-007,0.00171136
1.75998e-007,-0.000498374
1.76198e-007,-0.0027081
1.76398e-007,0.00392109
1.76598e-007,-0.000498374
1.76798e-007,-0.0027081
1.76998e-007,0.00392109
1.77198e-007,-0.000498374
1.77398e-007,-0.0027081
1.77598e-007,-0.0027081
1.77798e-007,-0.000498374
1.77998e-007,-0.0027081
1.78198e-007,-0.0027081
1.78398e-007,-0.000498374
1.78598e-007,-0.000498374
1.78798e-007,0.00171136
1.78998e-007,-0.0027081
1.79198e-007,-0.0027081
1.79398e-007,-0.0027081
1.79598e-007,-0.000498374
1.79798e-007,-0.000498374
1.79998e-007,-0.0027081
1.80198e-007,-0.0027081
1.80398e-007,-0.0027081
1.80598e-007,0.00171136
1.80798e-007,-0.000498374
1.80998e-007,-0.000498374
1.81198e-007,-0.0027081
1.81398e-007,-0.0027081
1.81598e-007,0.00171136
1.81798e-007,0.00392109
1.81998e-007,0.00171136
1.82198e-007,0.00171136
1.82398e-007,-0.00491783
1.82598e-007,-0.00491783
1.82798e-007,-0.000498374
1.82998e-007,-0.000498374
1.83198e-007,-0.0027081
1.83398e-007,-0.000498374
1.83598e-007,-0.000498374
1.83798e-007,-0.000498374
1.83998e-007,0.00171136
1.84198e-007,-0.000498374
1.84398e-007,-0.00491783
1.84598e-007,-0.000498374
1.84798e-007,-0.000498374
1.84998e-007,-0.000498374
1.85198e-007,-0.000498374
1.85398e-007,0.00171136
1.85598e-007,-0.000498374
1.85798e-007,-0.0027081
1.85998e-007,-0.0027081
1.86198e-007,-0.000498374
1.86398e-007,-0.000498374
1.86598e-007,-0.0027081
1.86798e-007,-0.0027081
1.86998e-007,-0.0027081
1.87198e-007,-0.00491783
1.87398e-007,-0.000498374
1.87598e-007,-0.00491783
1.87798e-007,0.00171136
1.87998e-007,0.00171136
1.88198e-007,-0.000498374
1.88398e-007,0.00171136
1.88598e-007,-0.000498374
1.88798e-007,-0.0027081
1.88998e-007,-0.0027081
1.89198e-007,-0.00491783
1.89398e-007,0.00171136
1.89598e-007,0.00171136
1.89798e-007,0.00392109
1.89998e-007,0.00392109
1.90198e-007,-0.000498374
1.90398e-007,-0.000498374
1.90598e-007,0.00171136
