LECROYWR6050,144,Waveform
Segments,1,SegmentSize,1002
Segment,TrigTime,TimeSinceSegment1
#1,17-Jan-2002 05:22:28,0                 
Time,Ampl
-9.65666e-009,0.00171136
-9.45666e-009,0.00171136
-9.25666e-009,-0.000498374
-9.05666e-009,0.00171136
-8.85666e-009,-0.000498374
-8.65666e-009,0.00392109
-8.45666e-009,-0.0027081
-8.25666e-009,-0.0027081
-8.05666e-009,0.00392109
-7.85666e-009,-0.000498374
-7.65666e-009,0.00171136
-7.45666e-009,-0.000498374
-7.25666e-009,0.00171136
-7.05666e-009,-0.0027081
-6.85666e-009,-0.00712756
-6.65666e-009,-0.0027081
-6.45666e-009,0.00171136
-6.25666e-009,0.00171136
-6.05666e-009,-0.0027081
-5.85666e-009,0.00392109
-5.65666e-009,0.00171136
-5.45666e-009,-0.0027081
-5.25666e-009,-0.000498374
-5.05666e-009,-0.0027081
-4.85666e-009,-0.000498374
-4.65666e-009,-0.000498374
-4.45666e-009,-0.000498374
-4.25666e-009,0.00171136
-4.05666e-009,0.00171136
-3.85666e-009,-0.000498374
-3.65666e-009,-0.000498374
-3.45666e-009,0.00171136
-3.25666e-009,-0.000498374
-3.05666e-009,-0.000498374
-2.85666e-009,0.00171136
-2.65666e-009,-0.000498374
-2.45666e-009,-0.0027081
-2.25666e-009,0.00171136
-2.05666e-009,-0.000498374
-1.85666e-009,0.00392109
-1.65666e-009,0.00392109
-1.45666e-009,-0.000498374
-1.25666e-009,0.00171136
-1.05666e-009,-0.000498374
-8.56656e-010,-0.000498374
-6.56656e-010,0.00171136
-4.56656e-010,-0.000498374
-2.56656e-010,-0.0027081
-5.66557e-011,-0.0027081
1.43344e-010,-0.000498374
3.43344e-010,0.00171136
5.43344e-010,-0.0027081
7.43344e-010,0.00171136
9.43344e-010,0.00171136
1.14334e-009,-0.0027081
1.34334e-009,0.00171136
1.54334e-009,-0.0027081
1.74334e-009,-0.00491783
1.94334e-009,-0.000498374
2.14334e-009,0.00171136
2.34334e-009,0.00171136
2.54334e-009,0.00392109
2.74334e-009,0.00171136
2.94334e-009,-0.00491783
3.14334e-009,-0.000498374
3.34334e-009,0.00171136
3.54334e-009,-0.0027081
3.74334e-009,0.00171136
3.94334e-009,-0.0027081
4.14334e-009,0.00171136
4.34334e-009,-0.000498374
4.54334e-009,-0.000498374
4.74334e-009,-0.000498374
4.94334e-009,-0.0027081
5.14334e-009,-0.0027081
5.34334e-009,-0.000498374
5.54334e-009,-0.000498374
5.74334e-009,-0.000498374
5.94334e-009,-0.0027081
6.14334e-009,0.00171136
6.34334e-009,0.00171136
6.54334e-009,0.00171136
6.74334e-009,0.00171136
6.94334e-009,0.00392109
7.14334e-009,-0.000498374
7.34334e-009,-0.000498374
7.54334e-009,-0.000498374
7.74334e-009,-0.0027081
7.94334e-009,-0.000498374
8.14334e-009,0.00171136
8.34334e-009,0.00171136
8.54334e-009,0.00392109
8.74334e-009,0.00171136
8.94334e-009,-0.000498374
9.14334e-009,0.00171136
9.34334e-009,-0.000498374
9.54334e-009,-0.000498374
9.74334e-009,-0.00491783
9.94334e-009,-0.0027081
1.01433e-008,-0.000498374
1.03433e-008,-0.000498374
1.05433e-008,-0.000498374
1.07433e-008,0.00171136
1.09433e-008,-0.000498374
1.11433e-008,-0.0027081
1.13433e-008,0.00392109
1.15433e-008,0.00171136
1.17433e-008,-0.000498374
1.19433e-008,0.00171136
1.21433e-008,-0.000498374
1.23433e-008,0.00171136
1.25433e-008,-0.000498374
1.27433e-008,-0.000498374
1.29433e-008,-0.000498374
1.31433e-008,-0.0027081
1.33433e-008,-0.000498374
1.35433e-008,0.00171136
1.37433e-008,0.00171136
1.39433e-008,0.00171136
1.41433e-008,0.00171136
1.43433e-008,-0.000498374
1.45433e-008,0.00171136
1.47433e-008,-0.000498374
1.49433e-008,0.00171136
1.51433e-008,0.00171136
1.53433e-008,0.00171136
1.55433e-008,0.00171136
1.57433e-008,0.00171136
1.59433e-008,0.00171136
1.61433e-008,-0.000498374
1.63433e-008,-0.0027081
1.65433e-008,-0.000498374
1.67433e-008,0.00171136
1.69433e-008,-0.000498374
1.71433e-008,0.00392109
1.73433e-008,0.00392109
1.75433e-008,-0.000498374
1.77433e-008,-0.000498374
1.79433e-008,0.00171136
1.81433e-008,-0.000498374
1.83433e-008,-0.000498374
1.85433e-008,-0.000498374
1.87433e-008,-0.000498374
1.89433e-008,-0.000498374
1.91433e-008,-0.000498374
1.93433e-008,0.00392109
1.95433e-008,-0.000498374
1.97433e-008,0.00392109
1.99433e-008,0.00171136
2.01433e-008,-0.000498374
2.03433e-008,-0.0027081
2.05433e-008,-0.000498374
2.07433e-008,0.00392109
2.09433e-008,-0.0027081
2.11433e-008,-0.000498374
2.13433e-008,-0.0027081
2.15433e-008,-0.000498374
2.17433e-008,-0.000498374
2.19433e-008,-0.000498374
2.21433e-008,0.00171136
2.23433e-008,0.00171136
2.25433e-008,-0.000498374
2.27433e-008,0.00171136
2.29433e-008,0.00613082
2.31433e-008,0.00171136
2.33433e-008,0.00171136
2.35433e-008,0.00171136
2.37433e-008,-0.000498374
2.39433e-008,-0.0027081
2.41433e-008,0.00171136
2.43433e-008,0.00613082
2.45433e-008,0.00171136
2.47433e-008,0.00171136
2.49433e-008,-0.000498374
2.51433e-008,0.00171136
2.53433e-008,-0.0027081
2.55433e-008,0.00171136
2.57433e-008,-0.0027081
2.59433e-008,-0.0027081
2.61433e-008,-0.000498374
2.63433e-008,-0.000498374
2.65433e-008,0.00171136
2.67433e-008,0.00392109
2.69433e-008,0.00392109
2.71433e-008,0.00171136
2.73433e-008,0.00171136
2.75433e-008,-0.000498374
2.77433e-008,-0.000498374
2.79433e-008,-0.000498374
2.81433e-008,-0.00491783
2.83433e-008,0.00171136
2.85433e-008,-0.000498374
2.87433e-008,-0.000498374
2.89433e-008,-0.000498374
2.91433e-008,-0.000498374
2.93433e-008,0.00171136
2.95433e-008,-0.000498374
2.97433e-008,0.00171136
2.99433e-008,-0.0027081
3.01433e-008,-0.000498374
3.03433e-008,0.00171136
3.05433e-008,0.00171136
3.07433e-008,-0.0027081
3.09433e-008,0.00171136
3.11433e-008,0.00171136
3.13433e-008,0.00392109
3.15433e-008,0.00392109
3.17433e-008,-0.000498374
3.19433e-008,-0.000498374
3.21433e-008,-0.0027081
3.23433e-008,-0.0027081
3.25433e-008,-0.00712756
3.27433e-008,0.00171136
3.29433e-008,-0.00712756
3.31433e-008,-0.000498374
3.33433e-008,-0.0027081
3.35433e-008,-0.000498374
3.37433e-008,-0.000498374
3.39433e-008,-0.000498374
3.41433e-008,-0.000498374
3.43433e-008,-0.000498374
3.45433e-008,-0.000498374
3.47433e-008,0.00392109
3.49433e-008,0.00171136
3.51433e-008,0.00171136
3.53433e-008,0.00171136
3.55433e-008,0.00171136
3.57433e-008,-0.000498374
3.59433e-008,-0.000498374
3.61433e-008,0.00171136
3.63433e-008,0.00171136
3.65433e-008,-0.000498374
3.67433e-008,-0.0027081
3.69433e-008,0.00171136
3.71433e-008,-0.000498374
3.73433e-008,-0.000498374
3.75433e-008,-0.0027081
3.77433e-008,-0.000498374
3.79433e-008,0.00171136
3.81433e-008,0.00171136
3.83433e-008,0.00171136
3.85433e-008,-0.000498374
3.87433e-008,-0.0027081
3.89433e-008,0.00392109
3.91433e-008,0.00392109
3.93433e-008,0.00171136
3.95433e-008,-0.000498374
3.97433e-008,-0.00491783
3.99433e-008,-0.0027081
4.01433e-008,-0.0027081
4.03433e-008,-0.00491783
4.05433e-008,-0.0027081
4.07433e-008,-0.000498374
4.09433e-008,-0.0027081
4.11433e-008,-0.0027081
4.13433e-008,-0.0027081
4.15433e-008,-0.000498374
4.17433e-008,-0.0027081
4.19433e-008,-0.0027081
4.21433e-008,-0.000498374
4.23433e-008,-0.0027081
4.25433e-008,-0.0027081
4.27433e-008,-0.000498374
4.29433e-008,-0.0027081
4.31433e-008,-0.000498374
4.33433e-008,0.00171136
4.35433e-008,0.00171136
4.37433e-008,-0.000498374
4.39433e-008,-0.00491783
4.41433e-008,-0.000498374
4.43433e-008,-0.0027081
4.45433e-008,-0.000498374
4.47433e-008,0.00171136
4.49433e-008,-0.000498374
4.51433e-008,0.00171136
4.53433e-008,-0.0027081
4.55433e-008,-0.000498374
4.57433e-008,0.00171136
4.59433e-008,-0.000498374
4.61433e-008,0.00171136
4.63433e-008,-0.0027081
4.65433e-008,0.00392109
4.67433e-008,0.00171136
4.69433e-008,0.00392109
4.71433e-008,0.00171136
4.73433e-008,0.00171136
4.75433e-008,0.00171136
4.77433e-008,-0.000498374
4.79433e-008,0.00171136
4.81433e-008,0.00171136
4.83433e-008,-0.0027081
4.85433e-008,-0.0027081
4.87433e-008,-0.0027081
4.89433e-008,-0.0027081
4.91433e-008,-0.0027081
4.93433e-008,0.00171136
4.95433e-008,-0.0027081
4.97433e-008,-0.00491783
4.99433e-008,-0.00491783
5.01433e-008,0.00171136
5.03433e-008,-0.000498374
5.05433e-008,0.00171136
5.07433e-008,-0.000498374
5.09433e-008,-0.000498374
5.11433e-008,0.00171136
5.13433e-008,0.00171136
5.15433e-008,-0.000498374
5.17433e-008,0.00171136
5.19433e-008,-0.000498374
5.21433e-008,-0.0027081
5.23433e-008,0.00171136
5.25433e-008,-0.000498374
5.27433e-008,0.00171136
5.29433e-008,-0.000498374
5.31433e-008,-0.0027081
5.33433e-008,-0.000498374
5.35433e-008,-0.0027081
5.37433e-008,-0.0027081
5.39433e-008,-0.0027081
5.41433e-008,0.00392109
5.43433e-008,0.00392109
5.45433e-008,0.00171136
5.47433e-008,0.00171136
5.49433e-008,0.00392109
5.51433e-008,-0.000498374
5.53433e-008,-0.000498374
5.55433e-008,-0.0027081
5.57433e-008,-0.0027081
5.59433e-008,0.00171136
5.61433e-008,0.00392109
5.63433e-008,-0.0027081
5.65433e-008,-0.000498374
5.67433e-008,0.00171136
5.69433e-008,-0.0027081
5.71433e-008,-0.00491783
5.73433e-008,0.00171136
5.75433e-008,0.00171136
5.77433e-008,-0.000498374
5.79433e-008,-0.000498374
5.81433e-008,0.00171136
5.83433e-008,-0.000498374
5.85433e-008,-0.000498374
5.87433e-008,-0.000498374
5.89433e-008,0.00171136
5.91433e-008,-0.000498374
5.93433e-008,-0.000498374
5.95433e-008,0.00171136
5.97433e-008,0.00171136
5.99433e-008,-0.0027081
6.01433e-008,-0.0027081
6.03433e-008,-0.00491783
6.05433e-008,-0.0027081
6.07433e-008,-0.000498374
6.09433e-008,-0.000498374
6.11433e-008,-0.0027081
6.13433e-008,0.00171136
6.15433e-008,-0.000498374
6.17433e-008,0.00171136
6.19433e-008,0.00171136
6.21433e-008,0.00171136
6.23433e-008,-0.00491783
6.25433e-008,-0.0027081
6.27433e-008,0.00392109
6.29433e-008,0.00171136
6.31433e-008,-0.000498374
6.33433e-008,0.00392109
6.35433e-008,0.00171136
6.37433e-008,-0.000498374
6.39433e-008,-0.000498374
6.41433e-008,-0.0027081
6.43433e-008,-0.000498374
6.45433e-008,0.00171136
6.47433e-008,0.00171136
6.49433e-008,0.00171136
6.51433e-008,0.00171136
6.53433e-008,-0.0027081
6.55433e-008,-0.000498374
6.57433e-008,-0.0027081
6.59433e-008,0.00171136
6.61433e-008,-0.000498374
6.63433e-008,-0.00491783
6.65433e-008,-0.0027081
6.67433e-008,0.00171136
6.69433e-008,0.00392109
6.71433e-008,0.00392109
6.73433e-008,0.00171136
6.75433e-008,0.00392109
6.77433e-008,0.00392109
6.79433e-008,0.00392109
6.81433e-008,0.00171136
6.83433e-008,-0.0027081
6.85433e-008,-0.00491783
6.87433e-008,-0.0027081
6.89433e-008,-0.00491783
6.91433e-008,-0.00491783
6.93433e-008,-0.0027081
6.95433e-008,-0.0027081
6.97433e-008,0.00171136
6.99433e-008,-0.000498374
7.01433e-008,-0.000498374
7.03433e-008,0.00392109
7.05433e-008,0.00392109
7.07433e-008,0.00171136
7.09433e-008,0.00171136
7.11433e-008,0.00613082
7.13433e-008,0.00171136
7.15433e-008,0.00171136
7.17433e-008,-0.0027081
7.19433e-008,-0.00491783
7.21433e-008,-0.00491783
7.23433e-008,-0.00491783
7.25433e-008,-0.0027081
7.27433e-008,-0.000498374
7.29433e-008,-0.0027081
7.31433e-008,-0.000498374
7.33433e-008,0.00392109
7.35433e-008,0.00392109
7.37433e-008,-0.000498374
7.39433e-008,0.00171136
7.41433e-008,0.00171136
7.43433e-008,-0.000498374
7.45433e-008,-0.000498374
7.47433e-008,-0.000498374
7.49433e-008,-0.00712756
7.51433e-008,-0.00712756
7.53433e-008,-0.00491783
7.55433e-008,-0.0027081
7.57433e-008,-0.000498374
7.59433e-008,-0.0027081
7.61433e-008,-0.000498374
7.63433e-008,0.00171136
7.65433e-008,0.00171136
7.67433e-008,0.00171136
7.69433e-008,-0.000498374
7.71433e-008,-0.0027081
7.73433e-008,-0.00491783
7.75433e-008,-0.000498374
7.77433e-008,-0.0027081
7.79433e-008,-0.0027081
7.81433e-008,-0.00491783
7.83433e-008,-0.0027081
7.85433e-008,0.00171136
7.87433e-008,0.00171136
7.89433e-008,0.00392109
7.91433e-008,0.00392109
7.93433e-008,0.00834055
7.95433e-008,0.00613082
7.97433e-008,-0.000498374
7.99433e-008,-0.0027081
8.01433e-008,0.00171136
8.03433e-008,-0.00491783
8.05433e-008,-0.00491783
8.07433e-008,-0.000498374
8.09433e-008,-0.000498374
8.11433e-008,0.00171136
8.13433e-008,0.00392109
8.15433e-008,0.00171136
8.17433e-008,0.00171136
8.19433e-008,-0.0027081
8.21433e-008,-0.000498374
8.23433e-008,-0.000498374
8.25433e-008,0.00392109
8.27433e-008,0.00171136
8.29433e-008,-0.000498374
8.31433e-008,-0.00491783
8.33433e-008,-0.0027081
8.35433e-008,-0.00491783
8.37433e-008,-0.000498374
8.39433e-008,-0.00491783
8.41433e-008,-0.000498374
8.43433e-008,-0.000498374
8.45433e-008,-0.0027081
8.47433e-008,-0.000498374
8.49433e-008,-0.000498374
8.51433e-008,-0.00491783
8.53433e-008,-0.0027081
8.55433e-008,-0.0027081
8.57433e-008,0.00171136
8.59433e-008,-0.0027081
8.61433e-008,-0.000498374
8.63433e-008,0.00171136
8.65433e-008,-0.000498374
8.67433e-008,0.00392109
8.69433e-008,0.00392109
8.71433e-008,0.00392109
8.73433e-008,-0.000498374
8.75433e-008,-0.0027081
8.77433e-008,-0.000498374
8.79433e-008,0.00392109
8.81433e-008,-0.0027081
8.83433e-008,-0.000498374
8.85433e-008,0.00171136
8.87433e-008,-0.000498374
8.89433e-008,-0.000498374
8.91433e-008,0.00171136
8.93433e-008,-0.000498374
8.95433e-008,-0.000498374
8.97433e-008,0.00171136
8.99433e-008,0.00392109
9.01433e-008,-0.000498374
9.03433e-008,0.00392109
9.05433e-008,0.00171136
9.07433e-008,-0.000498374
9.09433e-008,-0.000498374
9.11433e-008,-0.0027081
9.13433e-008,0.00171136
9.15433e-008,-0.000498374
9.17433e-008,0.00171136
9.19433e-008,-0.000498374
9.21433e-008,-0.000498374
9.23433e-008,-0.000498374
9.25433e-008,0.00171136
9.27433e-008,-0.000498374
9.29433e-008,-0.00491783
9.31433e-008,-0.000498374
9.33433e-008,0.00171136
9.35433e-008,-0.0027081
9.37433e-008,0.00171136
9.39433e-008,0.00171136
9.41433e-008,0.00171136
9.43433e-008,0.00171136
9.45433e-008,-0.0027081
9.47433e-008,0.00171136
9.49433e-008,0.00392109
9.51433e-008,-0.000498374
9.53433e-008,0.00171136
9.55433e-008,-0.0027081
9.57433e-008,-0.0027081
9.59433e-008,-0.0027081
9.61433e-008,-0.000498374
9.63433e-008,-0.000498374
9.65433e-008,0.00171136
9.67433e-008,0.00171136
9.69433e-008,0.00392109
9.71433e-008,-0.000498374
9.73433e-008,-0.000498374
9.75433e-008,-0.0027081
9.77433e-008,-0.000498374
9.79433e-008,-0.0027081
9.81433e-008,-0.000498374
9.83433e-008,-0.00491783
9.85433e-008,-0.00491783
9.87433e-008,-0.000498374
9.89433e-008,-0.000498374
9.91433e-008,-0.000498374
9.93433e-008,0.00392109
9.95433e-008,0.00392109
9.97433e-008,0.00171136
9.99433e-008,-0.000498374
1.00143e-007,-0.0027081
1.00343e-007,0.00171136
1.00543e-007,-0.000498374
1.00743e-007,-0.0027081
1.00943e-007,-0.000498374
1.01143e-007,-0.00491783
1.01343e-007,-0.00491783
1.01543e-007,-0.000498374
1.01743e-007,-0.000498374
1.01943e-007,0.00171136
1.02143e-007,0.00392109
1.02343e-007,0.00171136
1.02543e-007,0.00171136
1.02743e-007,-0.000498374
1.02943e-007,0.00171136
1.03143e-007,-0.0027081
1.03343e-007,-0.000498374
1.03543e-007,-0.000498374
1.03743e-007,-0.000498374
1.03943e-007,-0.000498374
1.04143e-007,-0.000498374
1.04343e-007,-0.000498374
1.04543e-007,-0.000498374
1.04743e-007,-0.000498374
1.04943e-007,0.00171136
1.05143e-007,-0.000498374
1.05343e-007,0.00171136
1.05543e-007,-0.000498374
1.05743e-007,0.00171136
1.05943e-007,-0.000498374
1.06143e-007,0.00171136
1.06343e-007,0.00171136
1.06543e-007,-0.000498374
1.06743e-007,-0.000498374
1.06943e-007,-0.00712756
1.07143e-007,0.00171136
1.07343e-007,-0.000498374
1.07543e-007,-0.0027081
1.07743e-007,0.00171136
1.07943e-007,-0.000498374
1.08143e-007,-0.0027081
1.08343e-007,-0.00491783
1.08543e-007,-0.00491783
1.08743e-007,-0.0027081
1.08943e-007,0.00171136
1.09143e-007,-0.000498374
1.09343e-007,-0.000498374
1.09543e-007,-0.000498374
1.09743e-007,-0.000498374
1.09943e-007,-0.000498374
1.10143e-007,-0.000498374
1.10343e-007,-0.0027081
1.10543e-007,-0.000498374
1.10743e-007,0.00171136
1.10943e-007,0.00171136
1.11143e-007,0.00392109
1.11343e-007,-0.000498374
1.11543e-007,-0.0027081
1.11743e-007,-0.0027081
1.11943e-007,-0.000498374
1.12143e-007,-0.000498374
1.12343e-007,0.00171136
1.12543e-007,-0.000498374
1.12743e-007,0.00171136
1.12943e-007,0.00171136
1.13143e-007,-0.000498374
1.13343e-007,0.00392109
1.13543e-007,0.00171136
1.13743e-007,-0.000498374
1.13943e-007,-0.000498374
1.14143e-007,-0.0027081
1.14343e-007,-0.00491783
1.14543e-007,-0.000498374
1.14743e-007,0.00171136
1.14943e-007,-0.000498374
1.15143e-007,-0.000498374
1.15343e-007,0.00613082
1.15543e-007,0.00171136
1.15743e-007,0.00171136
1.15943e-007,0.00171136
1.16143e-007,-0.000498374
1.16343e-007,-0.000498374
1.16543e-007,-0.00491783
1.16743e-007,-0.000498374
1.16943e-007,-0.000498374
1.17143e-007,-0.0027081
1.17343e-007,-0.00712756
1.17543e-007,-0.0027081
1.17743e-007,-0.000498374
1.17943e-007,-0.0027081
1.18143e-007,0.00171136
1.18343e-007,0.00171136
1.18543e-007,-0.0027081
1.18743e-007,0.00171136
1.18943e-007,0.00613082
1.19143e-007,0.00392109
1.19343e-007,-0.000498374
1.19543e-007,-0.000498374
1.19743e-007,-0.0027081
1.19943e-007,0.00171136
1.20143e-007,-0.0027081
1.20343e-007,-0.0027081
1.20543e-007,-0.0027081
1.20743e-007,-0.000498374
1.20943e-007,-0.000498374
1.21143e-007,0.00171136
1.21343e-007,0.00171136
1.21543e-007,0.00171136
1.21743e-007,-0.000498374
1.21943e-007,0.00171136
1.22143e-007,0.00392109
1.22343e-007,0.00171136
1.22543e-007,-0.000498374
1.22743e-007,-0.000498374
1.22943e-007,-0.000498374
1.23143e-007,0.00171136
1.23343e-007,0.00392109
1.23543e-007,-0.000498374
1.23743e-007,0.00171136
1.23943e-007,0.00171136
1.24143e-007,0.00171136
1.24343e-007,-0.000498374
1.24543e-007,0.00171136
1.24743e-007,0.00171136
1.24943e-007,0.00171136
1.25143e-007,0.00171136
1.25343e-007,-0.0027081
1.25543e-007,-0.0027081
1.25743e-007,-0.000498374
1.25943e-007,-0.000498374
1.26143e-007,-0.000498374
1.26343e-007,0.00392109
1.26543e-007,0.00171136
1.26743e-007,0.00171136
1.26943e-007,0.00171136
1.27143e-007,0.00392109
1.27343e-007,0.00171136
1.27543e-007,-0.000498374
1.27743e-007,-0.0027081
1.27943e-007,-0.00491783
1.28143e-007,-0.000498374
1.28343e-007,0.00171136
1.28543e-007,-0.0027081
1.28743e-007,-0.000498374
1.28943e-007,-0.0027081
1.29143e-007,-0.0027081
1.29343e-007,-0.0027081
1.29543e-007,0.00171136
1.29743e-007,-0.000498374
1.29943e-007,-0.000498374
1.30143e-007,0.00171136
1.30343e-007,-0.000498374
1.30543e-007,0.00171136
1.30743e-007,-0.0027081
1.30943e-007,-0.0027081
1.31143e-007,-0.0027081
1.31343e-007,-0.000498374
1.31543e-007,0.00171136
1.31743e-007,-0.0027081
1.31943e-007,-0.000498374
1.32143e-007,0.00171136
1.32343e-007,-0.0027081
1.32543e-007,0.00171136
1.32743e-007,-0.00491783
1.32943e-007,-0.000498374
1.33143e-007,-0.0027081
1.33343e-007,0.00171136
1.33543e-007,-0.000498374
1.33743e-007,0.00613082
1.33943e-007,0.00171136
1.34143e-007,-0.000498374
1.34343e-007,0.00392109
1.34543e-007,0.00171136
1.34743e-007,0.00392109
1.34943e-007,0.00171136
1.35143e-007,-0.000498374
1.35343e-007,0.00171136
1.35543e-007,-0.0027081
1.35743e-007,-0.000498374
1.35943e-007,-0.000498374
1.36143e-007,-0.000498374
1.36343e-007,0.00392109
1.36543e-007,0.00392109
1.36743e-007,-0.000498374
1.36943e-007,0.00171136
1.37143e-007,0.00171136
1.37343e-007,-0.0027081
1.37543e-007,-0.0027081
1.37743e-007,-0.000498374
1.37943e-007,-0.00491783
1.38143e-007,0.00171136
1.38343e-007,-0.000498374
1.38543e-007,-0.0027081
1.38743e-007,-0.000498374
1.38943e-007,-0.000498374
1.39143e-007,0.00392109
1.39343e-007,-0.0027081
1.39543e-007,-0.000498374
1.39743e-007,0.00171136
1.39943e-007,0.00171136
1.40143e-007,-0.000498374
1.40343e-007,-0.0027081
1.40543e-007,-0.00712756
1.40743e-007,-0.00491783
1.40943e-007,-0.0027081
1.41143e-007,-0.0027081
1.41343e-007,-0.000498374
1.41543e-007,0.00171136
1.41743e-007,-0.000498374
1.41943e-007,0.00392109
1.42143e-007,-0.0027081
1.42343e-007,-0.0027081
1.42543e-007,0.00171136
1.42743e-007,-0.000498374
1.42943e-007,0.00613082
1.43143e-007,0.00171136
1.43343e-007,0.00392109
1.43543e-007,0.00392109
1.43743e-007,0.00171136
1.43943e-007,-0.000498374
1.44143e-007,0.00392109
1.44343e-007,0.00171136
1.44543e-007,0.00171136
1.44743e-007,-0.000498374
1.44943e-007,0.00613082
1.45143e-007,-0.0027081
1.45343e-007,0.00392109
1.45543e-007,0.00392109
1.45743e-007,-0.000498374
1.45943e-007,-0.000498374
1.46143e-007,-0.000498374
1.46343e-007,-0.000498374
1.46543e-007,0.00834055
1.46743e-007,0.00171136
1.46943e-007,0.00392109
1.47143e-007,-0.000498374
1.47343e-007,0.00171136
1.47543e-007,-0.0027081
1.47743e-007,0.00171136
1.47943e-007,0.00392109
1.48143e-007,-0.000498374
1.48343e-007,-0.0027081
1.48543e-007,-0.000498374
1.48743e-007,-0.0027081
1.48943e-007,-0.0027081
1.49143e-007,-0.000498374
1.49343e-007,-0.000498374
1.49543e-007,-0.0027081
1.49743e-007,-0.0027081
1.49943e-007,-0.00491783
1.50143e-007,0.00171136
1.50343e-007,0.00171136
1.50543e-007,-0.000498374
1.50743e-007,0.00392109
1.50943e-007,-0.000498374
1.51143e-007,0.00171136
1.51343e-007,-0.000498374
1.51543e-007,-0.000498374
1.51743e-007,0.00171136
1.51943e-007,-0.000498374
1.52143e-007,-0.000498374
1.52343e-007,-0.000498374
1.52543e-007,-0.0027081
1.52743e-007,0.00392109
1.52943e-007,-0.000498374
1.53143e-007,0.00392109
1.53343e-007,0.00392109
1.53543e-007,0.00171136
1.53743e-007,-0.000498374
1.53943e-007,-0.000498374
1.54143e-007,-0.000498374
1.54343e-007,0.00392109
1.54543e-007,0.00171136
1.54743e-007,-0.0027081
1.54943e-007,0.00392109
1.55143e-007,0.00171136
1.55343e-007,-0.000498374
1.55543e-007,-0.000498374
1.55743e-007,-0.000498374
1.55943e-007,-0.000498374
1.56143e-007,-0.000498374
1.56343e-007,-0.000498374
1.56543e-007,-0.000498374
1.56743e-007,0.00171136
1.56943e-007,0.00171136
1.57143e-007,0.00171136
1.57343e-007,0.00171136
1.57543e-007,-0.000498374
1.57743e-007,-0.000498374
1.57943e-007,0.00171136
1.58143e-007,-0.000498374
1.58343e-007,-0.0027081
1.58543e-007,0.00171136
1.58743e-007,-0.000498374
1.58943e-007,-0.0027081
1.59143e-007,0.00171136
1.59343e-007,-0.0027081
1.59543e-007,-0.000498374
1.59743e-007,0.00171136
1.59943e-007,-0.000498374
1.60143e-007,-0.000498374
1.60343e-007,-0.000498374
1.60543e-007,-0.000498374
1.60743e-007,0.00171136
1.60943e-007,0.00171136
1.61143e-007,0.00392109
1.61343e-007,0.00171136
1.61543e-007,-0.0027081
1.61743e-007,-0.000498374
1.61943e-007,0.00171136
1.62143e-007,0.00613082
1.62343e-007,-0.000498374
1.62543e-007,0.00171136
1.62743e-007,0.00171136
1.62943e-007,-0.000498374
1.63143e-007,-0.0027081
1.63343e-007,0.00171136
1.63543e-007,0.00392109
1.63743e-007,-0.000498374
1.63943e-007,-0.0027081
1.64143e-007,-0.000498374
1.64343e-007,0.00392109
1.64543e-007,-0.000498374
1.64743e-007,-0.000498374
1.64943e-007,0.00171136
1.65143e-007,0.00171136
1.65343e-007,0.00171136
1.65543e-007,-0.000498374
1.65743e-007,0.00392109
1.65943e-007,-0.000498374
1.66143e-007,0.00392109
1.66343e-007,0.00392109
1.66543e-007,0.00171136
1.66743e-007,0.00392109
1.66943e-007,0.00392109
1.67143e-007,0.00171136
1.67343e-007,-0.0027081
1.67543e-007,-0.000498374
1.67743e-007,-0.0027081
1.67943e-007,-0.000498374
1.68143e-007,0.00392109
1.68343e-007,-0.0027081
1.68543e-007,-0.0027081
1.68743e-007,-0.000498374
1.68943e-007,0.00171136
1.69143e-007,-0.0027081
1.69343e-007,-0.000498374
1.69543e-007,-0.000498374
1.69743e-007,-0.0027081
1.69943e-007,-0.000498374
1.70143e-007,0.00171136
1.70343e-007,0.00171136
1.70543e-007,0.00392109
1.70743e-007,-0.000498374
1.70943e-007,0.00171136
1.71143e-007,0.00392109
1.71343e-007,-0.000498374
1.71543e-007,-0.00491783
1.71743e-007,0.00171136
1.71943e-007,-0.000498374
1.72143e-007,-0.0027081
1.72343e-007,-0.00491783
1.72543e-007,-0.00491783
1.72743e-007,-0.0027081
1.72943e-007,0.00171136
1.73143e-007,-0.000498374
1.73343e-007,-0.0027081
1.73543e-007,0.00171136
1.73743e-007,0.00171136
1.73943e-007,-0.0027081
1.74143e-007,-0.000498374
1.74343e-007,0.00392109
1.74543e-007,-0.000498374
1.74743e-007,0.00171136
1.74943e-007,-0.00491783
1.75143e-007,0.00171136
1.75343e-007,-0.000498374
1.75543e-007,0.00392109
1.75743e-007,0.00392109
1.75943e-007,-0.000498374
1.76143e-007,-0.0027081
1.76343e-007,-0.000498374
1.76543e-007,-0.000498374
1.76743e-007,-0.000498374
1.76943e-007,0.00171136
1.77143e-007,-0.000498374
1.77343e-007,0.00392109
1.77543e-007,0.00392109
1.77743e-007,-0.000498374
1.77943e-007,-0.000498374
1.78143e-007,0.00171136
1.78343e-007,-0.000498374
1.78543e-007,0.00171136
1.78743e-007,-0.0027081
1.78943e-007,-0.0027081
1.79143e-007,0.00171136
1.79343e-007,0.00392109
1.79543e-007,0.00392109
1.79743e-007,0.00171136
1.79943e-007,0.00171136
1.80143e-007,0.00171136
1.80343e-007,-0.000498374
1.80543e-007,-0.0027081
1.80743e-007,-0.0027081
1.80943e-007,0.00171136
1.81143e-007,-0.0027081
1.81343e-007,-0.0027081
1.81543e-007,-0.0027081
1.81743e-007,-0.000498374
1.81943e-007,0.00171136
1.82143e-007,-0.000498374
1.82343e-007,0.00171136
1.82543e-007,0.00392109
1.82743e-007,-0.0027081
1.82943e-007,-0.0027081
1.83143e-007,0.00171136
1.83343e-007,0.00392109
1.83543e-007,-0.000498374
1.83743e-007,-0.000498374
1.83943e-007,-0.000498374
1.84143e-007,0.00171136
1.84343e-007,0.00171136
1.84543e-007,0.00392109
1.84743e-007,0.00171136
1.84943e-007,0.00171136
1.85143e-007,0.00171136
1.85343e-007,-0.000498374
1.85543e-007,-0.00712756
1.85743e-007,-0.0027081
1.85943e-007,-0.0027081
1.86143e-007,0.00171136
1.86343e-007,-0.000498374
1.86543e-007,-0.000498374
1.86743e-007,0.00171136
1.86943e-007,0.00171136
1.87143e-007,0.00171136
1.87343e-007,0.00171136
1.87543e-007,0.00171136
1.87743e-007,0.00171136
1.87943e-007,0.00171136
1.88143e-007,-0.0027081
1.88343e-007,-0.00491783
1.88543e-007,-0.00491783
1.88743e-007,-0.0027081
1.88943e-007,-0.0027081
1.89143e-007,-0.0027081
1.89343e-007,-0.0027081
1.89543e-007,-0.000498374
1.89743e-007,-0.0027081
1.89943e-007,-0.000498374
1.90143e-007,0.00171136
1.90343e-007,-0.0027081
1.90543e-007,-0.0027081
