LECROYWR6050,144,Waveform
Segments,1,SegmentSize,1002
Segment,TrigTime,TimeSinceSegment1
#1,17-Jan-2002 05:22:33,0                 
Time,Ampl
-9.6152e-009,-0.000498374
-9.4152e-009,-0.000498374
-9.2152e-009,0.00171136
-9.0152e-009,0.00171136
-8.8152e-009,-0.000498374
-8.6152e-009,-0.0027081
-8.4152e-009,-0.000498374
-8.2152e-009,-0.0027081
-8.0152e-009,0.00171136
-7.8152e-009,-0.000498374
-7.6152e-009,-0.0027081
-7.4152e-009,-0.0027081
-7.2152e-009,0.00171136
-7.0152e-009,-0.000498374
-6.8152e-009,0.00171136
-6.6152e-009,0.00171136
-6.4152e-009,-0.000498374
-6.2152e-009,-0.000498374
-6.0152e-009,-0.0027081
-5.8152e-009,-0.0027081
-5.6152e-009,-0.00491783
-5.4152e-009,-0.00491783
-5.2152e-009,-0.00491783
-5.0152e-009,-0.000498374
-4.8152e-009,-0.000498374
-4.6152e-009,0.00171136
-4.4152e-009,-0.000498374
-4.2152e-009,-0.000498374
-4.0152e-009,0.00171136
-3.8152e-009,0.00392109
-3.6152e-009,0.00171136
-3.4152e-009,0.00613082
-3.2152e-009,0.00171136
-3.0152e-009,-0.000498374
-2.8152e-009,0.00171136
-2.6152e-009,0.00171136
-2.4152e-009,-0.000498374
-2.2152e-009,-0.0027081
-2.0152e-009,-0.0027081
-1.8152e-009,-0.000498374
-1.6152e-009,-0.000498374
-1.4152e-009,-0.000498374
-1.2152e-009,0.00171136
-1.0152e-009,-0.0027081
-8.15201e-010,-0.0027081
-6.15201e-010,-0.000498374
-4.15201e-010,0.00171136
-2.15201e-010,-0.000498374
-1.52011e-011,-0.000498374
1.84799e-010,-0.000498374
3.84799e-010,-0.0027081
5.84799e-010,-0.000498374
7.84799e-010,-0.000498374
9.84799e-010,-0.000498374
1.1848e-009,-0.000498374
1.3848e-009,0.00171136
1.5848e-009,0.00392109
1.7848e-009,0.00171136
1.9848e-009,-0.0027081
2.1848e-009,-0.0027081
2.3848e-009,-0.000498374
2.5848e-009,0.00171136
2.7848e-009,-0.0027081
2.9848e-009,0.00392109
3.1848e-009,-0.0027081
3.3848e-009,-0.0027081
3.5848e-009,-0.000498374
3.7848e-009,-0.00491783
3.9848e-009,-0.000498374
4.1848e-009,-0.000498374
4.3848e-009,0.00171136
4.5848e-009,0.00171136
4.7848e-009,-0.000498374
4.9848e-009,0.00171136
5.1848e-009,0.00392109
5.3848e-009,0.00171136
5.5848e-009,-0.0027081
5.7848e-009,-0.000498374
5.9848e-009,0.00171136
6.1848e-009,-0.0027081
6.3848e-009,-0.000498374
6.5848e-009,-0.000498374
6.7848e-009,0.00171136
6.9848e-009,-0.00491783
7.1848e-009,0.00171136
7.3848e-009,0.00171136
7.5848e-009,-0.00491783
7.7848e-009,-0.0027081
7.9848e-009,0.00171136
8.1848e-009,0.00392109
8.3848e-009,0.00171136
8.5848e-009,-0.0027081
8.7848e-009,0.00171136
8.9848e-009,0.00171136
9.1848e-009,-0.0027081
9.3848e-009,-0.0027081
9.5848e-009,0.00171136
9.7848e-009,0.00392109
9.9848e-009,-0.000498374
1.01848e-008,0.00171136
1.03848e-008,-0.000498374
1.05848e-008,-0.0027081
1.07848e-008,-0.0027081
1.09848e-008,-0.0027081
1.11848e-008,0.00171136
1.13848e-008,0.00171136
1.15848e-008,0.00171136
1.17848e-008,0.00171136
1.19848e-008,-0.000498374
1.21848e-008,0.00171136
1.23848e-008,0.00171136
1.25848e-008,-0.0027081
1.27848e-008,-0.0027081
1.29848e-008,0.00171136
1.31848e-008,0.00392109
1.33848e-008,0.00171136
1.35848e-008,-0.0027081
1.37848e-008,-0.000498374
1.39848e-008,-0.0027081
1.41848e-008,-0.0027081
1.43848e-008,0.00171136
1.45848e-008,0.00171136
1.47848e-008,0.00171136
1.49848e-008,0.00171136
1.51848e-008,0.00392109
1.53848e-008,0.00171136
1.55848e-008,-0.000498374
1.57848e-008,0.00392109
1.59848e-008,0.00171136
1.61848e-008,-0.0027081
1.63848e-008,-0.000498374
1.65848e-008,0.00171136
1.67848e-008,0.00171136
1.69848e-008,0.00392109
1.71848e-008,0.00392109
1.73848e-008,-0.000498374
1.75848e-008,-0.000498374
1.77848e-008,0.00171136
1.79848e-008,0.00171136
1.81848e-008,-0.000498374
1.83848e-008,0.00171136
1.85848e-008,0.00171136
1.87848e-008,-0.000498374
1.89848e-008,0.00171136
1.91848e-008,-0.0027081
1.93848e-008,-0.0027081
1.95848e-008,-0.000498374
1.97848e-008,-0.000498374
1.99848e-008,-0.000498374
2.01848e-008,0.00392109
2.03848e-008,0.00171136
2.05848e-008,-0.0027081
2.07848e-008,0.00171136
2.09848e-008,-0.000498374
2.11848e-008,0.00171136
2.13848e-008,0.00171136
2.15848e-008,0.00392109
2.17848e-008,0.00171136
2.19848e-008,-0.000498374
2.21848e-008,-0.000498374
2.23848e-008,-0.000498374
2.25848e-008,0.00392109
2.27848e-008,-0.000498374
2.29848e-008,-0.000498374
2.31848e-008,-0.0027081
2.33848e-008,-0.000498374
2.35848e-008,-0.000498374
2.37848e-008,0.00171136
2.39848e-008,0.00613082
2.41848e-008,-0.000498374
2.43848e-008,0.00171136
2.45848e-008,0.00171136
2.47848e-008,-0.00491783
2.49848e-008,0.00171136
2.51848e-008,0.00171136
2.53848e-008,-0.000498374
2.55848e-008,0.00171136
2.57848e-008,0.00171136
2.59848e-008,0.00171136
2.61848e-008,-0.000498374
2.63848e-008,-0.000498374
2.65848e-008,-0.0027081
2.67848e-008,-0.000498374
2.69848e-008,-0.0027081
2.71848e-008,-0.000498374
2.73848e-008,-0.000498374
2.75848e-008,0.00171136
2.77848e-008,0.00171136
2.79848e-008,0.00171136
2.81848e-008,-0.0027081
2.83848e-008,-0.00712756
2.85848e-008,-0.0027081
2.87848e-008,-0.000498374
2.89848e-008,0.00171136
2.91848e-008,0.00834055
2.93848e-008,0.00392109
2.95848e-008,-0.000498374
2.97848e-008,-0.00491783
2.99848e-008,-0.0027081
3.01848e-008,-0.00491783
3.03848e-008,-0.000498374
3.05848e-008,0.00171136
3.07848e-008,-0.000498374
3.09848e-008,-0.000498374
3.11848e-008,-0.0027081
3.13848e-008,-0.00491783
3.15848e-008,-0.000498374
3.17848e-008,0.00392109
3.19848e-008,-0.000498374
3.21848e-008,-0.000498374
3.23848e-008,0.00171136
3.25848e-008,0.00171136
3.27848e-008,0.00392109
3.29848e-008,0.00171136
3.31848e-008,0.00171136
3.33848e-008,0.00392109
3.35848e-008,-0.000498374
3.37848e-008,-0.0027081
3.39848e-008,-0.000498374
3.41848e-008,-0.000498374
3.43848e-008,-0.000498374
3.45848e-008,-0.00491783
3.47848e-008,0.00171136
3.49848e-008,-0.0027081
3.51848e-008,-0.00491783
3.53848e-008,-0.0027081
3.55848e-008,0.00171136
3.57848e-008,0.00171136
3.59848e-008,0.00171136
3.61848e-008,-0.0027081
3.63848e-008,-0.000498374
3.65848e-008,0.00171136
3.67848e-008,0.00171136
3.69848e-008,-0.000498374
3.71848e-008,-0.000498374
3.73848e-008,0.00171136
3.75848e-008,0.00171136
3.77848e-008,-0.000498374
3.79848e-008,-0.000498374
3.81848e-008,0.00392109
3.83848e-008,-0.000498374
3.85848e-008,0.00171136
3.87848e-008,0.00613082
3.89848e-008,0.00171136
3.91848e-008,0.00171136
3.93848e-008,-0.000498374
3.95848e-008,-0.00491783
3.97848e-008,-0.0027081
3.99848e-008,-0.000498374
4.01848e-008,-0.000498374
4.03848e-008,-0.000498374
4.05848e-008,0.00171136
4.07848e-008,0.00171136
4.09848e-008,-0.000498374
4.11848e-008,-0.000498374
4.13848e-008,0.00171136
4.15848e-008,-0.000498374
4.17848e-008,-0.000498374
4.19848e-008,-0.000498374
4.21848e-008,-0.0027081
4.23848e-008,-0.000498374
4.25848e-008,-0.00491783
4.27848e-008,-0.0027081
4.29848e-008,-0.000498374
4.31848e-008,-0.0027081
4.33848e-008,0.00171136
4.35848e-008,-0.00491783
4.37848e-008,0.00392109
4.39848e-008,-0.000498374
4.41848e-008,-0.000498374
4.43848e-008,0.00171136
4.45848e-008,0.00171136
4.47848e-008,-0.000498374
4.49848e-008,-0.000498374
4.51848e-008,0.00613082
4.53848e-008,0.00171136
4.55848e-008,-0.000498374
4.57848e-008,-0.0027081
4.59848e-008,-0.0027081
4.61848e-008,-0.0027081
4.63848e-008,-0.000498374
4.65848e-008,-0.000498374
4.67848e-008,-0.000498374
4.69848e-008,0.00171136
4.71848e-008,0.00171136
4.73848e-008,-0.000498374
4.75848e-008,-0.0027081
4.77848e-008,-0.0027081
4.79848e-008,0.00392109
4.81848e-008,-0.000498374
4.83848e-008,0.00171136
4.85848e-008,-0.0027081
4.87848e-008,-0.000498374
4.89848e-008,0.00171136
4.91848e-008,-0.000498374
4.93848e-008,-0.000498374
4.95848e-008,-0.0027081
4.97848e-008,0.00171136
4.99848e-008,0.00171136
5.01848e-008,0.00171136
5.03848e-008,-0.0027081
5.05848e-008,-0.0027081
5.07848e-008,-0.00491783
5.09848e-008,-0.000498374
5.11848e-008,-0.000498374
5.13848e-008,0.00171136
5.15848e-008,-0.000498374
5.17848e-008,-0.0027081
5.19848e-008,0.00171136
5.21848e-008,-0.000498374
5.23848e-008,-0.000498374
5.25848e-008,0.00171136
5.27848e-008,-0.000498374
5.29848e-008,-0.000498374
5.31848e-008,0.00392109
5.33848e-008,0.00171136
5.35848e-008,-0.000498374
5.37848e-008,-0.000498374
5.39848e-008,0.00171136
5.41848e-008,-0.000498374
5.43848e-008,-0.000498374
5.45848e-008,0.00171136
5.47848e-008,0.00392109
5.49848e-008,0.00171136
5.51848e-008,-0.000498374
5.53848e-008,0.00392109
5.55848e-008,0.00171136
5.57848e-008,0.00171136
5.59848e-008,0.00171136
5.61848e-008,0.00171136
5.63848e-008,-0.0027081
5.65848e-008,-0.000498374
5.67848e-008,0.00171136
5.69848e-008,-0.000498374
5.71848e-008,-0.000498374
5.73848e-008,-0.000498374
5.75848e-008,0.00171136
5.77848e-008,0.00392109
5.79848e-008,0.00171136
5.81848e-008,-0.0027081
5.83848e-008,-0.000498374
5.85848e-008,0.00171136
5.87848e-008,0.00171136
5.89848e-008,-0.0027081
5.91848e-008,-0.0027081
5.93848e-008,-0.000498374
5.95848e-008,0.00392109
5.97848e-008,-0.000498374
5.99848e-008,0.00171136
6.01848e-008,-0.00491783
6.03848e-008,0.00171136
6.05848e-008,-0.000498374
6.07848e-008,0.00171136
6.09848e-008,-0.000498374
6.11848e-008,0.00613082
6.13848e-008,-0.000498374
6.15848e-008,-0.0027081
6.17848e-008,-0.000498374
6.19848e-008,-0.000498374
6.21848e-008,0.00171136
6.23848e-008,-0.000498374
6.25848e-008,0.00171136
6.27848e-008,-0.000498374
6.29848e-008,-0.000498374
6.31848e-008,0.00171136
6.33848e-008,0.00171136
6.35848e-008,-0.0027081
6.37848e-008,-0.0027081
6.39848e-008,-0.000498374
6.41848e-008,-0.000498374
6.43848e-008,0.00171136
6.45848e-008,0.00171136
6.47848e-008,-0.0027081
6.49848e-008,0.00171136
6.51848e-008,0.00392109
6.53848e-008,0.00392109
6.55848e-008,0.00171136
6.57848e-008,-0.0027081
6.59848e-008,-0.0027081
6.61848e-008,-0.00712756
6.63848e-008,-0.00712756
6.65848e-008,-0.0027081
6.67848e-008,-0.000498374
6.69848e-008,-0.0027081
6.71848e-008,-0.0027081
6.73848e-008,-0.0027081
6.75848e-008,0.00613082
6.77848e-008,0.00613082
6.79848e-008,0.00171136
6.81848e-008,0.00392109
6.83848e-008,-0.000498374
6.85848e-008,-0.0027081
6.87848e-008,-0.00712756
6.89848e-008,-0.00491783
6.91848e-008,-0.00712756
6.93848e-008,-0.0027081
6.95848e-008,-0.0027081
6.97848e-008,-0.0027081
6.99848e-008,-0.000498374
7.01848e-008,0.00171136
7.03848e-008,0.00392109
7.05848e-008,0.00613082
7.07848e-008,0.00613082
7.09848e-008,0.00171136
7.11848e-008,0.00613082
7.13848e-008,-0.000498374
7.15848e-008,-0.00491783
7.17848e-008,-0.000498374
7.19848e-008,-0.000498374
7.21848e-008,-0.0027081
7.23848e-008,-0.0027081
7.25848e-008,-0.0027081
7.27848e-008,-0.000498374
7.29848e-008,-0.000498374
7.31848e-008,-0.000498374
7.33848e-008,0.00392109
7.35848e-008,0.00171136
7.37848e-008,0.00392109
7.39848e-008,0.00171136
7.41848e-008,0.00171136
7.43848e-008,-0.000498374
7.45848e-008,-0.0027081
7.47848e-008,-0.000498374
7.49848e-008,-0.0027081
7.51848e-008,-0.00491783
7.53848e-008,-0.0027081
7.55848e-008,-0.000498374
7.57848e-008,0.00171136
7.59848e-008,0.00171136
7.61848e-008,-0.000498374
7.63848e-008,0.00171136
7.65848e-008,0.00392109
7.67848e-008,0.00392109
7.69848e-008,0.00171136
7.71848e-008,0.00171136
7.73848e-008,-0.0027081
7.75848e-008,-0.00491783
7.77848e-008,-0.00491783
7.79848e-008,-0.00491783
7.81848e-008,-0.0027081
7.83848e-008,-0.0027081
7.85848e-008,-0.000498374
7.87848e-008,-0.0027081
7.89848e-008,-0.0027081
7.91848e-008,0.00613082
7.93848e-008,0.00392109
7.95848e-008,0.00171136
7.97848e-008,-0.000498374
7.99848e-008,-0.00491783
8.01848e-008,-0.000498374
8.03848e-008,0.00171136
8.05848e-008,-0.0027081
8.07848e-008,-0.000498374
8.09848e-008,-0.000498374
8.11848e-008,0.00171136
8.13848e-008,0.00171136
8.15848e-008,0.00392109
8.17848e-008,0.00171136
8.19848e-008,0.00392109
8.21848e-008,-0.0027081
8.23848e-008,-0.0027081
8.25848e-008,-0.000498374
8.27848e-008,-0.000498374
8.29848e-008,-0.00491783
8.31848e-008,-0.00491783
8.33848e-008,-0.0027081
8.35848e-008,-0.0027081
8.37848e-008,0.00171136
8.39848e-008,0.00392109
8.41848e-008,0.00171136
8.43848e-008,-0.000498374
8.45848e-008,0.00392109
8.47848e-008,0.00171136
8.49848e-008,-0.000498374
8.51848e-008,0.00171136
8.53848e-008,-0.0027081
8.55848e-008,-0.0027081
8.57848e-008,-0.00491783
8.59848e-008,-0.0027081
8.61848e-008,-0.000498374
8.63848e-008,-0.000498374
8.65848e-008,0.00171136
8.67848e-008,0.00171136
8.69848e-008,-0.000498374
8.71848e-008,-0.000498374
8.73848e-008,0.00171136
8.75848e-008,0.00171136
8.77848e-008,-0.000498374
8.79848e-008,-0.000498374
8.81848e-008,-0.000498374
8.83848e-008,-0.000498374
8.85848e-008,-0.000498374
8.87848e-008,-0.000498374
8.89848e-008,-0.0027081
8.91848e-008,0.00392109
8.93848e-008,0.00171136
8.95848e-008,-0.000498374
8.97848e-008,0.00392109
8.99848e-008,-0.000498374
9.01848e-008,-0.0027081
9.03848e-008,-0.0027081
9.05848e-008,-0.000498374
9.07848e-008,-0.000498374
9.09848e-008,-0.000498374
9.11848e-008,-0.00712756
9.13848e-008,-0.00491783
9.15848e-008,-0.000498374
9.17848e-008,0.00392109
9.19848e-008,0.00171136
9.21848e-008,-0.000498374
9.23848e-008,-0.000498374
9.25848e-008,0.00171136
9.27848e-008,0.00171136
9.29848e-008,-0.000498374
9.31848e-008,0.00171136
9.33848e-008,0.00171136
9.35848e-008,0.00171136
9.37848e-008,0.00171136
9.39848e-008,0.00171136
9.41848e-008,-0.000498374
9.43848e-008,-0.000498374
9.45848e-008,-0.0027081
9.47848e-008,-0.000498374
9.49848e-008,-0.000498374
9.51848e-008,-0.000498374
9.53848e-008,0.00171136
9.55848e-008,-0.0027081
9.57848e-008,0.00171136
9.59848e-008,-0.000498374
9.61848e-008,-0.00491783
9.63848e-008,-0.000498374
9.65848e-008,0.00171136
9.67848e-008,-0.0027081
9.69848e-008,-0.000498374
9.71848e-008,0.00392109
9.73848e-008,0.00392109
9.75848e-008,-0.000498374
9.77848e-008,-0.000498374
9.79848e-008,-0.000498374
9.81848e-008,0.00171136
9.83848e-008,-0.0027081
9.85848e-008,-0.0027081
9.87848e-008,-0.000498374
9.89848e-008,-0.0027081
9.91848e-008,-0.00712756
9.93848e-008,-0.0027081
9.95848e-008,-0.000498374
9.97848e-008,0.00171136
9.99848e-008,-0.000498374
1.00185e-007,0.00171136
1.00385e-007,0.00171136
1.00585e-007,0.00171136
1.00785e-007,-0.0027081
1.00985e-007,0.00171136
1.01185e-007,0.00171136
1.01385e-007,-0.000498374
1.01585e-007,-0.00491783
1.01785e-007,-0.0027081
1.01985e-007,-0.00491783
1.02185e-007,0.00171136
1.02385e-007,0.00171136
1.02585e-007,0.00171136
1.02785e-007,0.00171136
1.02985e-007,0.00171136
1.03185e-007,-0.000498374
1.03385e-007,-0.000498374
1.03585e-007,-0.000498374
1.03785e-007,0.00171136
1.03985e-007,-0.0027081
1.04185e-007,0.00171136
1.04385e-007,0.00171136
1.04585e-007,-0.000498374
1.04785e-007,0.00171136
1.04985e-007,0.00171136
1.05185e-007,-0.000498374
1.05385e-007,-0.00491783
1.05585e-007,0.00171136
1.05785e-007,0.00171136
1.05985e-007,-0.0027081
1.06185e-007,-0.000498374
1.06385e-007,-0.000498374
1.06585e-007,-0.000498374
1.06785e-007,-0.00491783
1.06985e-007,-0.00491783
1.07185e-007,-0.000498374
1.07385e-007,-0.000498374
1.07585e-007,-0.0027081
1.07785e-007,0.00171136
1.07985e-007,0.00171136
1.08185e-007,-0.000498374
1.08385e-007,-0.000498374
1.08585e-007,-0.000498374
1.08785e-007,-0.000498374
1.08985e-007,-0.000498374
1.09185e-007,-0.000498374
1.09385e-007,-0.000498374
1.09585e-007,0.00171136
1.09785e-007,-0.000498374
1.09985e-007,0.00171136
1.10185e-007,-0.000498374
1.10385e-007,-0.000498374
1.10585e-007,-0.000498374
1.10785e-007,-0.000498374
1.10985e-007,0.00171136
1.11185e-007,0.00171136
1.11385e-007,-0.0027081
1.11585e-007,-0.000498374
1.11785e-007,-0.0027081
1.11985e-007,-0.000498374
1.12185e-007,-0.000498374
1.12385e-007,0.00171136
1.12585e-007,0.00171136
1.12785e-007,0.00171136
1.12985e-007,0.00392109
1.13185e-007,0.00171136
1.13385e-007,0.00171136
1.13585e-007,0.00171136
1.13785e-007,-0.0027081
1.13985e-007,0.00392109
1.14185e-007,-0.000498374
1.14385e-007,-0.0027081
1.14585e-007,-0.000498374
1.14785e-007,-0.0027081
1.14985e-007,-0.000498374
1.15185e-007,-0.000498374
1.15385e-007,-0.000498374
1.15585e-007,0.00171136
1.15785e-007,-0.000498374
1.15985e-007,0.00171136
1.16185e-007,0.00171136
1.16385e-007,0.00171136
1.16585e-007,0.00171136
1.16785e-007,0.00171136
1.16985e-007,0.00171136
1.17185e-007,-0.000498374
1.17385e-007,-0.0027081
1.17585e-007,-0.0027081
1.17785e-007,-0.00491783
1.17985e-007,-0.0027081
1.18185e-007,-0.000498374
1.18385e-007,0.00171136
1.18585e-007,-0.000498374
1.18785e-007,0.00171136
1.18985e-007,-0.0027081
1.19185e-007,-0.0027081
1.19385e-007,-0.000498374
1.19585e-007,-0.00491783
1.19785e-007,-0.0027081
1.19985e-007,0.00171136
1.20185e-007,-0.000498374
1.20385e-007,-0.000498374
1.20585e-007,-0.0027081
1.20785e-007,-0.0027081
1.20985e-007,-0.000498374
1.21185e-007,-0.000498374
1.21385e-007,0.00171136
1.21585e-007,0.00171136
1.21785e-007,-0.000498374
1.21985e-007,-0.000498374
1.22185e-007,0.00171136
1.22385e-007,-0.000498374
1.22585e-007,-0.000498374
1.22785e-007,0.00171136
1.22985e-007,-0.0027081
1.23185e-007,-0.000498374
1.23385e-007,0.00171136
1.23585e-007,0.00171136
1.23785e-007,-0.000498374
1.23985e-007,-0.000498374
1.24185e-007,-0.0027081
1.24385e-007,-0.000498374
1.24585e-007,0.00392109
1.24785e-007,-0.000498374
1.24985e-007,-0.000498374
1.25185e-007,0.00392109
1.25385e-007,0.00171136
1.25585e-007,-0.0027081
1.25785e-007,0.00171136
1.25985e-007,0.00171136
1.26185e-007,-0.000498374
1.26385e-007,0.00171136
1.26585e-007,-0.000498374
1.26785e-007,0.00171136
1.26985e-007,-0.000498374
1.27185e-007,0.00392109
1.27385e-007,-0.0027081
1.27585e-007,-0.0027081
1.27785e-007,-0.000498374
1.27985e-007,0.00171136
1.28185e-007,-0.0027081
1.28385e-007,-0.000498374
1.28585e-007,-0.000498374
1.28785e-007,-0.000498374
1.28985e-007,0.00171136
1.29185e-007,-0.000498374
1.29385e-007,0.00392109
1.29585e-007,-0.000498374
1.29785e-007,-0.000498374
1.29985e-007,-0.000498374
1.30185e-007,-0.000498374
1.30385e-007,-0.00712756
1.30585e-007,-0.00491783
1.30785e-007,-0.0027081
1.30985e-007,-0.000498374
1.31185e-007,-0.0027081
1.31385e-007,-0.000498374
1.31585e-007,-0.0027081
1.31785e-007,-0.000498374
1.31985e-007,-0.000498374
1.32185e-007,0.00171136
1.32385e-007,0.00171136
1.32585e-007,0.00171136
1.32785e-007,-0.0027081
1.32985e-007,0.00392109
1.33185e-007,-0.0027081
1.33385e-007,-0.00712756
1.33585e-007,-0.00491783
1.33785e-007,-0.000498374
1.33985e-007,-0.000498374
1.34185e-007,0.00613082
1.34385e-007,0.00171136
1.34585e-007,0.00392109
1.34785e-007,0.00392109
1.34985e-007,-0.000498374
1.35185e-007,0.00392109
1.35385e-007,0.00171136
1.35585e-007,0.00171136
1.35785e-007,-0.000498374
1.35985e-007,0.00171136
1.36185e-007,-0.000498374
1.36385e-007,0.00171136
1.36585e-007,-0.0027081
1.36785e-007,-0.000498374
1.36985e-007,-0.000498374
1.37185e-007,0.00171136
1.37385e-007,-0.0027081
1.37585e-007,-0.0027081
1.37785e-007,-0.00491783
1.37985e-007,-0.0027081
1.38185e-007,-0.000498374
1.38385e-007,-0.000498374
1.38585e-007,-0.000498374
1.38785e-007,-0.00491783
1.38985e-007,-0.000498374
1.39185e-007,-0.00491783
1.39385e-007,0.00171136
1.39585e-007,-0.00491783
1.39785e-007,-0.00491783
1.39985e-007,0.00171136
1.40185e-007,0.00171136
1.40385e-007,-0.0027081
1.40585e-007,-0.000498374
1.40785e-007,-0.0027081
1.40985e-007,0.00171136
1.41185e-007,0.00171136
1.41385e-007,-0.000498374
1.41585e-007,0.00392109
1.41785e-007,0.00171136
1.41985e-007,-0.000498374
1.42185e-007,0.00171136
1.42385e-007,0.00171136
1.42585e-007,-0.0027081
1.42785e-007,-0.0027081
1.42985e-007,-0.0027081
1.43185e-007,-0.000498374
1.43385e-007,0.00171136
1.43585e-007,-0.0027081
1.43785e-007,0.00171136
1.43985e-007,-0.000498374
1.44185e-007,-0.000498374
1.44385e-007,0.00613082
1.44585e-007,-0.000498374
1.44785e-007,0.00171136
1.44985e-007,0.00171136
1.45185e-007,0.00171136
1.45385e-007,-0.000498374
1.45585e-007,-0.00491783
1.45785e-007,-0.000498374
1.45985e-007,-0.00491783
1.46185e-007,0.00171136
1.46385e-007,-0.000498374
1.46585e-007,0.00171136
1.46785e-007,-0.000498374
1.46985e-007,-0.0027081
1.47185e-007,-0.00491783
1.47385e-007,-0.0027081
1.47585e-007,-0.000498374
1.47785e-007,-0.00491783
1.47985e-007,-0.000498374
1.48185e-007,-0.000498374
1.48385e-007,0.00171136
1.48585e-007,0.00171136
1.48785e-007,-0.000498374
1.48985e-007,-0.000498374
1.49185e-007,-0.0027081
1.49385e-007,-0.000498374
1.49585e-007,-0.0027081
1.49785e-007,-0.000498374
1.49985e-007,-0.000498374
1.50185e-007,0.00171136
1.50385e-007,-0.000498374
1.50585e-007,0.00392109
1.50785e-007,0.00392109
1.50985e-007,0.00171136
1.51185e-007,0.00392109
1.51385e-007,0.00171136
1.51585e-007,-0.00491783
1.51785e-007,-0.0027081
1.51985e-007,0.00171136
1.52185e-007,-0.00491783
1.52385e-007,0.00171136
1.52585e-007,-0.0027081
1.52785e-007,-0.0027081
1.52985e-007,0.00171136
1.53185e-007,0.00171136
1.53385e-007,-0.000498374
1.53585e-007,0.00171136
1.53785e-007,0.00171136
1.53985e-007,0.00171136
1.54185e-007,0.00171136
1.54385e-007,-0.0027081
1.54585e-007,-0.0027081
1.54785e-007,-0.000498374
1.54985e-007,-0.0027081
1.55185e-007,-0.0027081
1.55385e-007,-0.000498374
1.55585e-007,0.00171136
1.55785e-007,0.00392109
1.55985e-007,0.00171136
1.56185e-007,-0.000498374
1.56385e-007,-0.000498374
1.56585e-007,0.00171136
1.56785e-007,0.00171136
1.56985e-007,0.00392109
1.57185e-007,0.00392109
1.57385e-007,-0.000498374
1.57585e-007,0.00171136
1.57785e-007,-0.0027081
1.57985e-007,-0.0027081
1.58185e-007,-0.000498374
1.58385e-007,-0.000498374
1.58585e-007,-0.000498374
1.58785e-007,0.00392109
1.58985e-007,0.00171136
1.59185e-007,0.00171136
1.59385e-007,-0.0027081
1.59585e-007,-0.000498374
1.59785e-007,-0.00491783
1.59985e-007,-0.000498374
1.60185e-007,0.00171136
1.60385e-007,0.00171136
1.60585e-007,0.00171136
1.60785e-007,-0.0027081
1.60985e-007,0.00171136
1.61185e-007,0.00171136
1.61385e-007,-0.0027081
1.61585e-007,-0.0027081
1.61785e-007,-0.00491783
1.61985e-007,-0.0027081
1.62185e-007,-0.0027081
1.62385e-007,-0.00491783
1.62585e-007,-0.000498374
1.62785e-007,-0.00491783
1.62985e-007,0.00171136
1.63185e-007,-0.0027081
1.63385e-007,-0.0027081
1.63585e-007,0.00171136
1.63785e-007,-0.0027081
1.63985e-007,0.00392109
1.64185e-007,0.00171136
1.64385e-007,0.00171136
1.64585e-007,-0.0027081
1.64785e-007,0.00392109
1.64985e-007,0.00171136
1.65185e-007,0.00171136
1.65385e-007,-0.000498374
1.65585e-007,-0.00491783
1.65785e-007,-0.000498374
1.65985e-007,-0.000498374
1.66185e-007,0.00392109
1.66385e-007,0.00171136
1.66585e-007,-0.000498374
1.66785e-007,0.00171136
1.66985e-007,0.00171136
1.67185e-007,-0.000498374
1.67385e-007,-0.0027081
1.67585e-007,-0.00491783
1.67785e-007,-0.0027081
1.67985e-007,-0.000498374
1.68185e-007,-0.000498374
1.68385e-007,-0.000498374
1.68585e-007,0.00392109
1.68785e-007,-0.0027081
1.68985e-007,0.00171136
1.69185e-007,-0.000498374
1.69385e-007,-0.000498374
1.69585e-007,0.00171136
1.69785e-007,0.00171136
1.69985e-007,-0.0027081
1.70185e-007,-0.000498374
1.70385e-007,-0.0027081
1.70585e-007,-0.000498374
1.70785e-007,-0.000498374
1.70985e-007,-0.000498374
1.71185e-007,-0.0027081
1.71385e-007,0.00171136
1.71585e-007,0.00171136
1.71785e-007,-0.000498374
1.71985e-007,-0.0027081
1.72185e-007,-0.000498374
1.72385e-007,-0.00491783
1.72585e-007,-0.000498374
1.72785e-007,0.00392109
1.72985e-007,0.00171136
1.73185e-007,0.00613082
1.73385e-007,0.00171136
1.73585e-007,-0.0027081
1.73785e-007,-0.000498374
1.73985e-007,-0.0027081
1.74185e-007,0.00171136
1.74385e-007,-0.000498374
1.74585e-007,-0.000498374
1.74785e-007,-0.0027081
1.74985e-007,-0.000498374
1.75185e-007,-0.000498374
1.75385e-007,-0.000498374
1.75585e-007,0.00171136
1.75785e-007,0.00171136
1.75985e-007,-0.000498374
1.76185e-007,-0.000498374
1.76385e-007,0.00171136
1.76585e-007,-0.000498374
1.76785e-007,0.00171136
1.76985e-007,-0.000498374
1.77185e-007,0.00171136
1.77385e-007,0.00171136
1.77585e-007,-0.000498374
1.77785e-007,0.00171136
1.77985e-007,0.00171136
1.78185e-007,-0.000498374
1.78385e-007,-0.00491783
1.78585e-007,-0.00491783
1.78785e-007,-0.000498374
1.78985e-007,-0.000498374
1.79185e-007,-0.0027081
1.79385e-007,-0.000498374
1.79585e-007,-0.0027081
1.79785e-007,0.00171136
1.79985e-007,0.00171136
1.80185e-007,0.00171136
1.80385e-007,-0.0027081
1.80585e-007,0.00171136
1.80785e-007,0.00171136
1.80985e-007,0.00392109
1.81185e-007,-0.000498374
1.81385e-007,0.00171136
1.81585e-007,-0.000498374
1.81785e-007,-0.0027081
1.81985e-007,0.00171136
1.82185e-007,-0.0027081
1.82385e-007,-0.000498374
1.82585e-007,0.00392109
1.82785e-007,0.00171136
1.82985e-007,-0.000498374
1.83185e-007,0.00392109
1.83385e-007,0.00171136
1.83585e-007,-0.000498374
1.83785e-007,-0.0027081
1.83985e-007,-0.000498374
1.84185e-007,0.00171136
1.84385e-007,0.00171136
1.84585e-007,0.00171136
1.84785e-007,-0.000498374
1.84985e-007,-0.000498374
1.85185e-007,0.00171136
1.85385e-007,-0.0027081
1.85585e-007,-0.0027081
1.85785e-007,-0.000498374
1.85985e-007,-0.0027081
1.86185e-007,-0.00491783
1.86385e-007,-0.00491783
1.86585e-007,0.00171136
1.86785e-007,0.00171136
1.86985e-007,-0.000498374
1.87185e-007,-0.0027081
1.87385e-007,-0.0027081
1.87585e-007,0.00171136
1.87785e-007,-0.000498374
1.87985e-007,-0.000498374
1.88185e-007,-0.000498374
1.88385e-007,0.00171136
1.88585e-007,0.00392109
1.88785e-007,0.00392109
1.88985e-007,-0.000498374
1.89185e-007,0.00392109
1.89385e-007,0.00171136
1.89585e-007,-0.0027081
1.89785e-007,-0.00491783
1.89985e-007,-0.0027081
1.90185e-007,0.00171136
1.90385e-007,-0.000498374
1.90585e-007,-0.000498374
