LECROYWR6050,144,Waveform
Segments,1,SegmentSize,1002
Segment,TrigTime,TimeSinceSegment1
#1,18-Jan-2002 23:33:31,0                 
Time,Ampl
-9.66159e-009,-0.000127563
-9.46159e-009,-0.00101146
-9.26159e-009,-0.000127563
-9.06159e-009,-0.00101146
-8.86159e-009,-0.00277924
-8.66159e-009,-0.00189535
-8.46159e-009,-0.00101146
-8.26159e-009,-0.00189535
-8.06159e-009,0.000756329
-7.86159e-009,0.000756329
-7.66159e-009,-0.000127563
-7.46159e-009,-0.00101146
-7.26159e-009,0.00252411
-7.06159e-009,0.00164022
-6.86159e-009,-0.000127563
-6.66159e-009,-0.00189535
-6.46159e-009,-0.00101146
-6.26159e-009,-0.000127563
-6.06159e-009,-0.00101146
-5.86159e-009,-0.000127563
-5.66159e-009,0.000756329
-5.46159e-009,-0.000127563
-5.26159e-009,-0.000127563
-5.06159e-009,0.00164022
-4.86159e-009,0.00252411
-4.66159e-009,0.00252411
-4.46159e-009,0.003408
-4.26159e-009,0.00252411
-4.06159e-009,0.00164022
-3.86159e-009,0.00252411
-3.66159e-009,-0.000127563
-3.46159e-009,-0.000127563
-3.26159e-009,-0.000127563
-3.06159e-009,-0.00101146
-2.86159e-009,-0.00189535
-2.66159e-009,-0.00189535
-2.46159e-009,-0.000127563
-2.26159e-009,-0.000127563
-2.06159e-009,0.00164022
-1.86159e-009,0.000756329
-1.66159e-009,-0.00101146
-1.46159e-009,-0.00101146
-1.26159e-009,-0.00189535
-1.06159e-009,-0.00189535
-8.61587e-010,0.000756329
-6.61587e-010,0.00164022
-4.61587e-010,-0.000127563
-2.61587e-010,0.000756329
-6.1587e-011,-0.000127563
1.38413e-010,-0.00189535
3.38413e-010,0.000756329
5.38413e-010,-0.000127563
7.38413e-010,-0.00101146
9.38413e-010,-0.000127563
1.13841e-009,0.000756329
1.33841e-009,0.000756329
1.53841e-009,0.00164022
1.73841e-009,0.000756329
1.93841e-009,-0.000127563
2.13841e-009,0.000756329
2.33841e-009,0.000756329
2.53841e-009,0.000756329
2.73841e-009,0.000756329
2.93841e-009,0.000756329
3.13841e-009,0.000756329
3.33841e-009,0.00164022
3.53841e-009,0.00164022
3.73841e-009,-0.000127563
3.93841e-009,0.000756329
4.13841e-009,-0.000127563
4.33841e-009,-0.000127563
4.53841e-009,-0.000127563
4.73841e-009,-0.000127563
4.93841e-009,-0.000127563
5.13841e-009,0.00252411
5.33841e-009,0.000756329
5.53841e-009,-0.000127563
5.73841e-009,0.00164022
5.93841e-009,-0.000127563
6.13841e-009,-0.00101146
6.33841e-009,-0.000127563
6.53841e-009,-0.00101146
6.73841e-009,-0.000127563
6.93841e-009,-0.00101146
7.13841e-009,0.000756329
7.33841e-009,0.000756329
7.53841e-009,0.00164022
7.73841e-009,0.00252411
7.93841e-009,0.00164022
8.13841e-009,0.00164022
8.33841e-009,0.000756329
8.53841e-009,-0.000127563
8.73841e-009,0.00252411
8.93841e-009,-0.00101146
9.13841e-009,-0.00189535
9.33841e-009,-0.00101146
9.53841e-009,-0.000127563
9.73841e-009,-0.000127563
9.93841e-009,0.00252411
1.01384e-008,-0.000127563
1.03384e-008,-0.00101146
1.05384e-008,0.00252411
1.07384e-008,-0.000127563
1.09384e-008,0.00164022
1.11384e-008,0.00252411
1.13384e-008,0.000756329
1.15384e-008,0.00164022
1.17384e-008,0.00164022
1.19384e-008,0.00252411
1.21384e-008,0.000756329
1.23384e-008,-0.000127563
1.25384e-008,-0.000127563
1.27384e-008,0.000756329
1.29384e-008,0.000756329
1.31384e-008,0.000756329
1.33384e-008,0.000756329
1.35384e-008,-0.00101146
1.37384e-008,-0.00189535
1.39384e-008,-0.00101146
1.41384e-008,-0.00101146
1.43384e-008,-0.00189535
1.45384e-008,-0.00101146
1.47384e-008,-0.00101146
1.49384e-008,-0.000127563
1.51384e-008,-0.00101146
1.53384e-008,-0.00101146
1.55384e-008,-0.00277924
1.57384e-008,-0.00189535
1.59384e-008,-0.00101146
1.61384e-008,0.000756329
1.63384e-008,-0.000127563
1.65384e-008,0.000756329
1.67384e-008,-0.000127563
1.69384e-008,-0.00101146
1.71384e-008,-0.00101146
1.73384e-008,-0.00189535
1.75384e-008,-0.00101146
1.77384e-008,-0.000127563
1.79384e-008,0.000756329
1.81384e-008,0.000756329
1.83384e-008,-0.000127563
1.85384e-008,0.000756329
1.87384e-008,-0.000127563
1.89384e-008,-0.000127563
1.91384e-008,0.000756329
1.93384e-008,-0.00101146
1.95384e-008,-0.000127563
1.97384e-008,-0.00101146
1.99384e-008,-0.00277924
2.01384e-008,-0.00189535
2.03384e-008,-0.000127563
2.05384e-008,-0.000127563
2.07384e-008,0.000756329
2.09384e-008,-0.00101146
2.11384e-008,-0.00101146
2.13384e-008,0.000756329
2.15384e-008,-0.000127563
2.17384e-008,0.000756329
2.19384e-008,-0.00101146
2.21384e-008,-0.00101146
2.23384e-008,-0.00101146
2.25384e-008,-0.000127563
2.27384e-008,-0.000127563
2.29384e-008,-0.000127563
2.31384e-008,-0.000127563
2.33384e-008,-0.000127563
2.35384e-008,-0.00101146
2.37384e-008,-0.000127563
2.39384e-008,-0.00101146
2.41384e-008,-0.00101146
2.43384e-008,0.00164022
2.45384e-008,0.000756329
2.47384e-008,-0.00101146
2.49384e-008,-0.000127563
2.51384e-008,-0.00189535
2.53384e-008,-0.00101146
2.55384e-008,0.000756329
2.57384e-008,0.000756329
2.59384e-008,0.00164022
2.61384e-008,0.00164022
2.63384e-008,0.000756329
2.65384e-008,-0.000127563
2.67384e-008,0.00164022
2.69384e-008,-0.00101146
2.71384e-008,-0.000127563
2.73384e-008,0.000756329
2.75384e-008,-0.000127563
2.77384e-008,0.00164022
2.79384e-008,0.000756329
2.81384e-008,0.000756329
2.83384e-008,-0.000127563
2.85384e-008,0.000756329
2.87384e-008,-0.000127563
2.89384e-008,-0.000127563
2.91384e-008,0.000756329
2.93384e-008,0.000756329
2.95384e-008,0.000756329
2.97384e-008,-0.00101146
2.99384e-008,-0.000127563
3.01384e-008,-0.000127563
3.03384e-008,-0.00101146
3.05384e-008,0.000756329
3.07384e-008,-0.00101146
3.09384e-008,-0.000127563
3.11384e-008,0.000756329
3.13384e-008,-0.00101146
3.15384e-008,0.000756329
3.17384e-008,0.00164022
3.19384e-008,0.00252411
3.21384e-008,0.000756329
3.23384e-008,-0.000127563
3.25384e-008,-0.00101146
3.27384e-008,-0.000127563
3.29384e-008,0.000756329
3.31384e-008,0.000756329
3.33384e-008,-0.00189535
3.35384e-008,-0.00101146
3.37384e-008,-0.00189535
3.39384e-008,-0.00101146
3.41384e-008,0.00164022
3.43384e-008,0.00164022
3.45384e-008,0.000756329
3.47384e-008,0.000756329
3.49384e-008,0.000756329
3.51384e-008,-0.000127563
3.53384e-008,-0.00101146
3.55384e-008,-0.00101146
3.57384e-008,-0.000127563
3.59384e-008,-0.00101146
3.61384e-008,0.000756329
3.63384e-008,0.000756329
3.65384e-008,0.000756329
3.67384e-008,0.000756329
3.69384e-008,0.000756329
3.71384e-008,0.000756329
3.73384e-008,0.000756329
3.75384e-008,-0.00101146
3.77384e-008,-0.00189535
3.79384e-008,-0.00277924
3.81384e-008,-0.00189535
3.83384e-008,-0.00101146
3.85384e-008,-0.00189535
3.87384e-008,-0.00189535
3.89384e-008,-0.00101146
3.91384e-008,0.000756329
3.93384e-008,0.00164022
3.95384e-008,0.00164022
3.97384e-008,0.000756329
3.99384e-008,0.000756329
4.01384e-008,0.000756329
4.03384e-008,0.000756329
4.05384e-008,0.00252411
4.07384e-008,0.000756329
4.09384e-008,0.000756329
4.11384e-008,0.000756329
4.13384e-008,-0.000127563
4.15384e-008,0.000756329
4.17384e-008,0.000756329
4.19384e-008,-0.00366313
4.21384e-008,-0.00189535
4.23384e-008,-0.00101146
4.25384e-008,-0.00101146
4.27384e-008,-0.00189535
4.29384e-008,-0.000127563
4.31384e-008,-0.000127563
4.33384e-008,-0.000127563
4.35384e-008,-0.00101146
4.37384e-008,-0.000127563
4.39384e-008,-0.000127563
4.41384e-008,-0.00189535
4.43384e-008,-0.00101146
4.45384e-008,0.000756329
4.47384e-008,0.00164022
4.49384e-008,0.000756329
4.51384e-008,-0.00101146
4.53384e-008,0.00164022
4.55384e-008,0.00164022
4.57384e-008,-0.000127563
4.59384e-008,0.000756329
4.61384e-008,-0.00101146
4.63384e-008,-0.00277924
4.65384e-008,-0.000127563
4.67384e-008,0.00164022
4.69384e-008,0.000756329
4.71384e-008,0.00164022
4.73384e-008,0.000756329
4.75384e-008,-0.000127563
4.77384e-008,-0.000127563
4.79384e-008,0.000756329
4.81384e-008,0.000756329
4.83384e-008,0.00164022
4.85384e-008,-0.00101146
4.87384e-008,0.000756329
4.89384e-008,0.00252411
4.91384e-008,0.000756329
4.93384e-008,-0.00101146
4.95384e-008,-0.00101146
4.97384e-008,-0.000127563
4.99384e-008,-0.00101146
5.01384e-008,-0.00101146
5.03384e-008,-0.000127563
5.05384e-008,-0.000127563
5.07384e-008,-0.000127563
5.09384e-008,0.000756329
5.11384e-008,-0.00101146
5.13384e-008,-0.00101146
5.15384e-008,-0.00101146
5.17384e-008,-0.00101146
5.19384e-008,0.000756329
5.21384e-008,0.000756329
5.23384e-008,-0.00101146
5.25384e-008,-0.000127563
5.27384e-008,0.000756329
5.29384e-008,-0.00101146
5.31384e-008,0.000756329
5.33384e-008,-0.00189535
5.35384e-008,-0.00277924
5.37384e-008,-0.00189535
5.39384e-008,-0.00101146
5.41384e-008,-0.00277924
5.43384e-008,-0.00189535
5.45384e-008,-0.00277924
5.47384e-008,-0.00366313
5.49384e-008,-0.00189535
5.51384e-008,0.000756329
5.53384e-008,0.00164022
5.55384e-008,0.00164022
5.57384e-008,0.000756329
5.59384e-008,-0.000127563
5.61384e-008,0.00164022
5.63384e-008,-0.000127563
5.65384e-008,-0.000127563
5.67384e-008,0.000756329
5.69384e-008,-0.00101146
5.71384e-008,-0.000127563
5.73384e-008,0.000756329
5.75384e-008,0.000756329
5.77384e-008,-0.000127563
5.79384e-008,0.000756329
5.81384e-008,0.00252411
5.83384e-008,0.00252411
5.85384e-008,0.000756329
5.87384e-008,-0.000127563
5.89384e-008,-0.000127563
5.91384e-008,-0.000127563
5.93384e-008,-0.000127563
5.95384e-008,-0.00101146
5.97384e-008,0.00164022
5.99384e-008,0.000756329
6.01384e-008,-0.00101146
6.03384e-008,-0.000127563
6.05384e-008,-0.000127563
6.07384e-008,0.000756329
6.09384e-008,-0.00101146
6.11384e-008,-0.000127563
6.13384e-008,-0.00101146
6.15384e-008,0.00252411
6.17384e-008,-0.000127563
6.19384e-008,0.000756329
6.21384e-008,0.00164022
6.23384e-008,-0.00101146
6.25384e-008,-0.00101146
6.27384e-008,-0.000127563
6.29384e-008,-0.00101146
6.31384e-008,-0.000127563
6.33384e-008,0.000756329
6.35384e-008,-0.000127563
6.37384e-008,-0.00189535
6.39384e-008,0.000756329
6.41384e-008,-0.00101146
6.43384e-008,0.000756329
6.45384e-008,0.00252411
6.47384e-008,0.000756329
6.49384e-008,0.000756329
6.51384e-008,-0.000127563
6.53384e-008,-0.00189535
6.55384e-008,-0.00277924
6.57384e-008,-0.00277924
6.59384e-008,-0.00277924
6.61384e-008,-0.00277924
6.63384e-008,-0.00189535
6.65384e-008,-0.00101146
6.67384e-008,-0.00277924
6.69384e-008,-0.000127563
6.71384e-008,-0.00189535
6.73384e-008,-0.00543092
6.75384e-008,-0.0071987
6.77384e-008,-0.00543092
6.79384e-008,-0.00631481
6.81384e-008,-0.00543092
6.83384e-008,-0.0071987
6.85384e-008,-0.0071987
6.87384e-008,-0.0071987
6.89384e-008,-0.00543092
6.91384e-008,-0.00543092
6.93384e-008,-0.00631481
6.95384e-008,-0.00808259
6.97384e-008,-0.00808259
6.99384e-008,-0.0071987
7.01384e-008,-0.00896648
7.03384e-008,-0.00896648
7.05384e-008,-0.0071987
7.07384e-008,-0.00543092
7.09384e-008,-0.00454702
7.11384e-008,-0.00277924
7.13384e-008,-0.00277924
7.15384e-008,-0.00454702
7.17384e-008,-0.00454702
7.19384e-008,-0.00366313
7.21384e-008,-0.00277924
7.23384e-008,-0.00189535
7.25384e-008,-0.00277924
7.27384e-008,-0.00454702
7.29384e-008,-0.00454702
7.31384e-008,-0.00543092
7.33384e-008,-0.00631481
7.35384e-008,-0.00277924
7.37384e-008,-0.00277924
7.39384e-008,-0.00101146
7.41384e-008,-0.00101146
7.43384e-008,0.00164022
7.45384e-008,0.00252411
7.47384e-008,0.00164022
7.49384e-008,-0.00101146
7.51384e-008,-0.00189535
7.53384e-008,-0.00366313
7.55384e-008,-0.00366313
7.57384e-008,-0.00366313
7.59384e-008,-0.00454702
7.61384e-008,-0.00366313
7.63384e-008,-0.00277924
7.65384e-008,-0.00189535
7.67384e-008,-0.000127563
7.69384e-008,-0.00189535
7.71384e-008,0.000756329
7.73384e-008,-0.000127563
7.75384e-008,-0.00101146
7.77384e-008,-0.000127563
7.79384e-008,-0.00277924
7.81384e-008,-0.00366313
7.83384e-008,-0.00454702
7.85384e-008,-0.00277924
7.87384e-008,-0.00189535
7.89384e-008,-0.00189535
7.91384e-008,-0.00101146
7.93384e-008,-0.00189535
7.95384e-008,-0.000127563
7.97384e-008,-0.000127563
7.99384e-008,-0.00101146
8.01384e-008,-0.000127563
8.03384e-008,-0.000127563
8.05384e-008,-0.00101146
8.07384e-008,0.00164022
8.09384e-008,0.000756329
8.11384e-008,-0.00189535
8.13384e-008,-0.00366313
8.15384e-008,-0.00277924
8.17384e-008,-0.00277924
8.19384e-008,-0.00101146
8.21384e-008,-0.000127563
8.23384e-008,-0.000127563
8.25384e-008,-0.000127563
8.27384e-008,-0.000127563
8.29384e-008,-0.00101146
8.31384e-008,-0.000127563
8.33384e-008,-0.00101146
8.35384e-008,-0.00101146
8.37384e-008,-0.00101146
8.39384e-008,-0.00101146
8.41384e-008,-0.00101146
8.43384e-008,-0.00189535
8.45384e-008,-0.000127563
8.47384e-008,-0.00101146
8.49384e-008,0.00164022
8.51384e-008,0.00164022
8.53384e-008,0.00252411
8.55384e-008,0.00252411
8.57384e-008,0.0042919
8.59384e-008,-0.00101146
8.61384e-008,0.000756329
8.63384e-008,-0.00101146
8.65384e-008,-0.00189535
8.67384e-008,-0.00189535
8.69384e-008,-0.00101146
8.71384e-008,-0.00189535
8.73384e-008,-0.000127563
8.75384e-008,-0.000127563
8.77384e-008,-0.00101146
8.79384e-008,0.00164022
8.81384e-008,0.00164022
8.83384e-008,0.00252411
8.85384e-008,0.00164022
8.87384e-008,0.00252411
8.89384e-008,-0.000127563
8.91384e-008,-0.000127563
8.93384e-008,-0.000127563
8.95384e-008,-0.00101146
8.97384e-008,-0.00189535
8.99384e-008,-0.00277924
9.01384e-008,-0.00189535
9.03384e-008,0.00164022
9.05384e-008,0.00164022
9.07384e-008,-0.00101146
9.09384e-008,0.000756329
9.11384e-008,-0.000127563
9.13384e-008,-0.000127563
9.15384e-008,0.003408
9.17384e-008,0.000756329
9.19384e-008,-0.00101146
9.21384e-008,0.000756329
9.23384e-008,-0.00101146
9.25384e-008,-0.00277924
9.27384e-008,-0.00277924
9.29384e-008,-0.00277924
9.31384e-008,-0.00277924
9.33384e-008,-0.000127563
9.35384e-008,0.00252411
9.37384e-008,0.00252411
9.39384e-008,0.00252411
9.41384e-008,0.000756329
9.43384e-008,-0.000127563
9.45384e-008,-0.00101146
9.47384e-008,-0.00101146
9.49384e-008,-0.00189535
9.51384e-008,0.00164022
9.53384e-008,0.000756329
9.55384e-008,-0.000127563
9.57384e-008,-0.000127563
9.59384e-008,-0.00277924
9.61384e-008,-0.000127563
9.63384e-008,-0.000127563
9.65384e-008,0.00164022
9.67384e-008,0.00164022
9.69384e-008,0.00252411
9.71384e-008,-0.000127563
9.73384e-008,-0.00189535
9.75384e-008,-0.00101146
9.77384e-008,-0.00101146
9.79384e-008,-0.00101146
9.81384e-008,-0.000127563
9.83384e-008,-0.000127563
9.85384e-008,-0.000127563
9.87384e-008,0.00164022
9.89384e-008,0.000756329
9.91384e-008,-0.000127563
9.93384e-008,0.00164022
9.95384e-008,-0.000127563
9.97384e-008,0.00164022
9.99384e-008,0.00164022
1.00138e-007,0.00164022
1.00338e-007,0.000756329
1.00538e-007,0.00164022
1.00738e-007,-0.000127563
1.00938e-007,-0.000127563
1.01138e-007,0.00164022
1.01338e-007,-0.000127563
1.01538e-007,-0.000127563
1.01738e-007,-0.00101146
1.01938e-007,-0.000127563
1.02138e-007,0.000756329
1.02338e-007,-0.000127563
1.02538e-007,0.000756329
1.02738e-007,-0.00101146
1.02938e-007,-0.000127563
1.03138e-007,0.000756329
1.03338e-007,-0.00101146
1.03538e-007,-0.00101146
1.03738e-007,-0.000127563
1.03938e-007,-0.00101146
1.04138e-007,0.000756329
1.04338e-007,0.000756329
1.04538e-007,0.00252411
1.04738e-007,0.00252411
1.04938e-007,0.00164022
1.05138e-007,-0.000127563
1.05338e-007,0.000756329
1.05538e-007,-0.000127563
1.05738e-007,0.000756329
1.05938e-007,0.00164022
1.06138e-007,0.000756329
1.06338e-007,-0.00189535
1.06538e-007,-0.00189535
1.06738e-007,-0.00189535
1.06938e-007,-0.00101146
1.07138e-007,-0.00189535
1.07338e-007,0.000756329
1.07538e-007,-0.000127563
1.07738e-007,0.00164022
1.07938e-007,0.00252411
1.08138e-007,0.000756329
1.08338e-007,0.000756329
1.08538e-007,0.000756329
1.08738e-007,0.000756329
1.08938e-007,-0.00101146
1.09138e-007,-0.000127563
1.09338e-007,-0.00101146
1.09538e-007,0.000756329
1.09738e-007,-0.00101146
1.09938e-007,-0.000127563
1.10138e-007,-0.000127563
1.10338e-007,-0.00101146
1.10538e-007,-0.00189535
1.10738e-007,-0.00189535
1.10938e-007,-0.00101146
1.11138e-007,-0.000127563
1.11338e-007,0.00164022
1.11538e-007,-0.000127563
1.11738e-007,-0.00101146
1.11938e-007,-0.00277924
1.12138e-007,-0.00189535
1.12338e-007,-0.00101146
1.12538e-007,0.000756329
1.12738e-007,0.000756329
1.12938e-007,-0.000127563
1.13138e-007,0.000756329
1.13338e-007,-0.00277924
1.13538e-007,-0.00101146
1.13738e-007,-0.00189535
1.13938e-007,-0.000127563
1.14138e-007,-0.00101146
1.14338e-007,0.000756329
1.14538e-007,-0.00101146
1.14738e-007,-0.00101146
1.14938e-007,0.000756329
1.15138e-007,-0.000127563
1.15338e-007,-0.000127563
1.15538e-007,-0.000127563
1.15738e-007,-0.000127563
1.15938e-007,-0.00101146
1.16138e-007,-0.00101146
1.16338e-007,-0.000127563
1.16538e-007,-0.000127563
1.16738e-007,0.00252411
1.16938e-007,0.00252411
1.17138e-007,0.000756329
1.17338e-007,0.000756329
1.17538e-007,-0.000127563
1.17738e-007,-0.00189535
1.17938e-007,-0.00101146
1.18138e-007,-0.00101146
1.18338e-007,-0.000127563
1.18538e-007,-0.00189535
1.18738e-007,-0.00277924
1.18938e-007,-0.00101146
1.19138e-007,0.00164022
1.19338e-007,0.00164022
1.19538e-007,-0.00101146
1.19738e-007,-0.000127563
1.19938e-007,-0.000127563
1.20138e-007,0.000756329
1.20338e-007,0.003408
1.20538e-007,0.000756329
1.20738e-007,-0.000127563
1.20938e-007,0.00164022
1.21138e-007,-0.00101146
1.21338e-007,-0.00189535
1.21538e-007,-0.000127563
1.21738e-007,-0.000127563
1.21938e-007,0.000756329
1.22138e-007,0.00252411
1.22338e-007,0.00164022
1.22538e-007,-0.000127563
1.22738e-007,0.000756329
1.22938e-007,-0.00101146
1.23138e-007,-0.000127563
1.23338e-007,-0.000127563
1.23538e-007,-0.00189535
1.23738e-007,-0.000127563
1.23938e-007,-0.00101146
1.24138e-007,-0.00101146
1.24338e-007,-0.000127563
1.24538e-007,0.00252411
1.24738e-007,-0.00101146
1.24938e-007,-0.00101146
1.25138e-007,-0.00101146
1.25338e-007,-0.000127563
1.25538e-007,-0.000127563
1.25738e-007,0.00164022
1.25938e-007,-0.000127563
1.26138e-007,-0.00101146
1.26338e-007,-0.00189535
1.26538e-007,-0.00101146
1.26738e-007,-0.00101146
1.26938e-007,0.00164022
1.27138e-007,0.00164022
1.27338e-007,0.00164022
1.27538e-007,0.00164022
1.27738e-007,-0.000127563
1.27938e-007,-0.000127563
1.28138e-007,0.000756329
1.28338e-007,-0.00101146
1.28538e-007,-0.00189535
1.28738e-007,-0.000127563
1.28938e-007,-0.00101146
1.29138e-007,-0.00101146
1.29338e-007,-0.00101146
1.29538e-007,-0.000127563
1.29738e-007,-0.00101146
1.29938e-007,0.000756329
1.30138e-007,0.00164022
1.30338e-007,-0.000127563
1.30538e-007,0.000756329
1.30738e-007,-0.000127563
1.30938e-007,0.000756329
1.31138e-007,0.00252411
1.31338e-007,0.000756329
1.31538e-007,0.000756329
1.31738e-007,-0.000127563
1.31938e-007,-0.000127563
1.32138e-007,-0.00101146
1.32338e-007,-0.00277924
1.32538e-007,-0.00277924
1.32738e-007,-0.00101146
1.32938e-007,-0.000127563
1.33138e-007,-0.000127563
1.33338e-007,-0.000127563
1.33538e-007,0.000756329
1.33738e-007,-0.000127563
1.33938e-007,0.000756329
1.34138e-007,0.000756329
1.34338e-007,-0.000127563
1.34538e-007,-0.000127563
1.34738e-007,-0.000127563
1.34938e-007,-0.00101146
1.35138e-007,0.000756329
1.35338e-007,-0.00101146
1.35538e-007,-0.00101146
1.35738e-007,-0.000127563
1.35938e-007,0.00164022
1.36138e-007,-0.000127563
1.36338e-007,-0.000127563
1.36538e-007,-0.000127563
1.36738e-007,-0.00101146
1.36938e-007,-0.000127563
1.37138e-007,0.00164022
1.37338e-007,-0.000127563
1.37538e-007,-0.00101146
1.37738e-007,-0.00101146
1.37938e-007,-0.00277924
1.38138e-007,-0.000127563
1.38338e-007,-0.00189535
1.38538e-007,-0.00101146
1.38738e-007,-0.000127563
1.38938e-007,0.00164022
1.39138e-007,0.0042919
1.39338e-007,-0.000127563
1.39538e-007,0.000756329
1.39738e-007,-0.00189535
1.39938e-007,-0.00189535
1.40138e-007,-0.00101146
1.40338e-007,0.000756329
1.40538e-007,0.000756329
1.40738e-007,0.00164022
1.40938e-007,-0.00101146
1.41138e-007,-0.00189535
1.41338e-007,0.000756329
1.41538e-007,-0.00101146
1.41738e-007,0.000756329
1.41938e-007,0.00164022
1.42138e-007,0.000756329
1.42338e-007,0.000756329
1.42538e-007,0.000756329
1.42738e-007,-0.00101146
1.42938e-007,-0.000127563
1.43138e-007,-0.000127563
1.43338e-007,-0.000127563
1.43538e-007,-0.000127563
1.43738e-007,-0.00101146
1.43938e-007,-0.00189535
1.44138e-007,-0.00189535
1.44338e-007,0.00252411
1.44538e-007,-0.000127563
1.44738e-007,0.000756329
1.44938e-007,-0.000127563
1.45138e-007,-0.000127563
1.45338e-007,0.000756329
1.45538e-007,0.00164022
1.45738e-007,0.000756329
1.45938e-007,-0.00101146
1.46138e-007,0.000756329
1.46338e-007,0.000756329
1.46538e-007,-0.000127563
1.46738e-007,-0.000127563
1.46938e-007,-0.000127563
1.47138e-007,-0.00101146
1.47338e-007,-0.000127563
1.47538e-007,-0.000127563
1.47738e-007,0.000756329
1.47938e-007,0.00164022
1.48138e-007,0.00164022
1.48338e-007,-0.000127563
1.48538e-007,-0.000127563
1.48738e-007,0.000756329
1.48938e-007,0.00164022
1.49138e-007,0.00164022
1.49338e-007,-0.000127563
1.49538e-007,-0.00101146
1.49738e-007,-0.00189535
1.49938e-007,-0.00189535
1.50138e-007,-0.00277924
1.50338e-007,-0.00189535
1.50538e-007,-0.000127563
1.50738e-007,-0.000127563
1.50938e-007,0.00164022
1.51138e-007,0.00164022
1.51338e-007,-0.000127563
1.51538e-007,0.00164022
1.51738e-007,0.000756329
1.51938e-007,-0.000127563
1.52138e-007,0.000756329
1.52338e-007,-0.000127563
1.52538e-007,-0.000127563
1.52738e-007,0.00252411
1.52938e-007,0.000756329
1.53138e-007,0.000756329
1.53338e-007,-0.00101146
1.53538e-007,-0.000127563
1.53738e-007,-0.00101146
1.53938e-007,-0.00101146
1.54138e-007,-0.000127563
1.54338e-007,0.000756329
1.54538e-007,0.00164022
1.54738e-007,0.000756329
1.54938e-007,0.000756329
1.55138e-007,0.00252411
1.55338e-007,-0.00101146
1.55538e-007,-0.00101146
1.55738e-007,0.000756329
1.55938e-007,-0.000127563
1.56138e-007,0.000756329
1.56338e-007,-0.000127563
1.56538e-007,-0.000127563
1.56738e-007,-0.00101146
1.56938e-007,0.000756329
1.57138e-007,0.00164022
1.57338e-007,0.000756329
1.57538e-007,0.000756329
1.57738e-007,-0.00101146
1.57938e-007,-0.00189535
1.58138e-007,0.000756329
1.58338e-007,-0.000127563
1.58538e-007,-0.00101146
1.58738e-007,0.000756329
1.58938e-007,0.000756329
1.59138e-007,-0.000127563
1.59338e-007,0.000756329
1.59538e-007,-0.000127563
1.59738e-007,-0.00189535
1.59938e-007,-0.000127563
1.60138e-007,-0.00101146
1.60338e-007,0.000756329
1.60538e-007,0.000756329
1.60738e-007,0.000756329
1.60938e-007,0.00164022
1.61138e-007,0.000756329
1.61338e-007,-0.000127563
1.61538e-007,-0.000127563
1.61738e-007,0.000756329
1.61938e-007,0.000756329
1.62138e-007,-0.000127563
1.62338e-007,0.00164022
1.62538e-007,0.000756329
1.62738e-007,-0.000127563
1.62938e-007,0.000756329
1.63138e-007,-0.00101146
1.63338e-007,-0.000127563
1.63538e-007,-0.000127563
1.63738e-007,-0.000127563
1.63938e-007,-0.000127563
1.64138e-007,-0.000127563
1.64338e-007,-0.000127563
1.64538e-007,-0.000127563
1.64738e-007,0.000756329
1.64938e-007,0.000756329
1.65138e-007,-0.000127563
1.65338e-007,0.00164022
1.65538e-007,-0.000127563
1.65738e-007,-0.00189535
1.65938e-007,-0.000127563
1.66138e-007,-0.00277924
1.66338e-007,-0.00454702
1.66538e-007,-0.00101146
1.66738e-007,0.000756329
1.66938e-007,0.000756329
1.67138e-007,0.00164022
1.67338e-007,0.000756329
1.67538e-007,0.000756329
1.67738e-007,0.000756329
1.67938e-007,-0.000127563
1.68138e-007,0.000756329
1.68338e-007,0.00164022
1.68538e-007,0.00252411
1.68738e-007,0.00252411
1.68938e-007,0.0042919
1.69138e-007,-0.00101146
1.69338e-007,0.000756329
1.69538e-007,-0.00189535
1.69738e-007,-0.00189535
1.69938e-007,-0.00101146
1.70138e-007,-0.000127563
1.70338e-007,-0.000127563
1.70538e-007,-0.00189535
1.70738e-007,-0.000127563
1.70938e-007,-0.000127563
1.71138e-007,0.000756329
1.71338e-007,-0.00189535
1.71538e-007,-0.00101146
1.71738e-007,-0.00189535
1.71938e-007,-0.00101146
1.72138e-007,-0.00101146
1.72338e-007,-0.000127563
1.72538e-007,-0.000127563
1.72738e-007,-0.000127563
1.72938e-007,0.00164022
1.73138e-007,0.00164022
1.73338e-007,0.00252411
1.73538e-007,-0.000127563
1.73738e-007,0.000756329
1.73938e-007,-0.00101146
1.74138e-007,-0.00101146
1.74338e-007,-0.00101146
1.74538e-007,-0.00189535
1.74738e-007,-0.00101146
1.74938e-007,-0.00101146
1.75138e-007,-0.000127563
1.75338e-007,-0.00101146
1.75538e-007,-0.000127563
1.75738e-007,-0.00101146
1.75938e-007,-0.00101146
1.76138e-007,0.000756329
1.76338e-007,0.000756329
1.76538e-007,-0.00101146
1.76738e-007,-0.00101146
1.76938e-007,0.000756329
1.77138e-007,0.000756329
1.77338e-007,0.000756329
1.77538e-007,-0.000127563
1.77738e-007,-0.000127563
1.77938e-007,0.00164022
1.78138e-007,-0.000127563
1.78338e-007,0.000756329
1.78538e-007,0.000756329
1.78738e-007,0.000756329
1.78938e-007,-0.000127563
1.79138e-007,0.00164022
1.79338e-007,0.000756329
1.79538e-007,0.00164022
1.79738e-007,0.00164022
1.79938e-007,0.000756329
1.80138e-007,0.000756329
1.80338e-007,0.00164022
1.80538e-007,0.000756329
1.80738e-007,-0.00101146
1.80938e-007,-0.000127563
1.81138e-007,-0.00101146
1.81338e-007,0.000756329
1.81538e-007,0.00164022
1.81738e-007,-0.000127563
1.81938e-007,0.000756329
1.82138e-007,-0.000127563
1.82338e-007,-0.000127563
1.82538e-007,-0.00101146
1.82738e-007,0.000756329
1.82938e-007,-0.00101146
1.83138e-007,-0.000127563
1.83338e-007,0.000756329
1.83538e-007,0.000756329
1.83738e-007,0.000756329
1.83938e-007,0.000756329
1.84138e-007,0.000756329
1.84338e-007,0.000756329
1.84538e-007,0.00164022
1.84738e-007,0.00164022
1.84938e-007,0.00252411
1.85138e-007,0.00164022
1.85338e-007,-0.000127563
1.85538e-007,-0.00101146
1.85738e-007,-0.000127563
1.85938e-007,-0.00189535
1.86138e-007,-0.000127563
1.86338e-007,-0.00101146
1.86538e-007,-0.000127563
1.86738e-007,-0.00277924
1.86938e-007,-0.000127563
1.87138e-007,-0.00101146
1.87338e-007,-0.00277924
1.87538e-007,-0.00189535
1.87738e-007,-0.000127563
1.87938e-007,-0.00101146
1.88138e-007,0.000756329
1.88338e-007,-0.000127563
1.88538e-007,-0.00101146
1.88738e-007,0.000756329
1.88938e-007,-0.000127563
1.89138e-007,0.000756329
1.89338e-007,0.00252411
1.89538e-007,0.000756329
1.89738e-007,0.00164022
1.89938e-007,0.00164022
1.90138e-007,-0.00101146
1.90338e-007,-0.00101146
1.90538e-007,-0.000127563
