LECROYWR6050,144,Waveform
Segments,1,SegmentSize,1002
Segment,TrigTime,TimeSinceSegment1
#1,17-Jan-2002 05:23:16,0                 
Time,Ampl
-9.68022e-009,-0.000498374
-9.48022e-009,-0.000498374
-9.28022e-009,-0.0027081
-9.08022e-009,0.00171136
-8.88022e-009,-0.000498374
-8.68022e-009,-0.000498374
-8.48022e-009,-0.0027081
-8.28022e-009,0.00171136
-8.08022e-009,0.00171136
-7.88022e-009,-0.0027081
-7.68022e-009,-0.000498374
-7.48022e-009,-0.00491783
-7.28022e-009,-0.000498374
-7.08022e-009,0.00613082
-6.88022e-009,0.00171136
-6.68022e-009,-0.0027081
-6.48022e-009,0.00171136
-6.28022e-009,-0.000498374
-6.08022e-009,0.00392109
-5.88022e-009,0.00613082
-5.68022e-009,0.00171136
-5.48022e-009,-0.000498374
-5.28022e-009,0.00171136
-5.08022e-009,0.00171136
-4.88022e-009,-0.000498374
-4.68022e-009,-0.000498374
-4.48022e-009,0.00613082
-4.28022e-009,-0.000498374
-4.08022e-009,-0.000498374
-3.88022e-009,0.00171136
-3.68022e-009,0.00171136
-3.48022e-009,0.00171136
-3.28022e-009,-0.000498374
-3.08022e-009,-0.000498374
-2.88022e-009,0.00171136
-2.68022e-009,-0.000498374
-2.48022e-009,-0.0027081
-2.28022e-009,0.00613082
-2.08022e-009,0.00392109
-1.88022e-009,0.00613082
-1.68022e-009,0.00171136
-1.48022e-009,0.00171136
-1.28022e-009,0.00171136
-1.08022e-009,0.00171136
-8.80219e-010,-0.000498374
-6.80219e-010,0.00171136
-4.80219e-010,-0.000498374
-2.80219e-010,0.00171136
-8.02193e-011,0.00171136
1.19781e-010,-0.000498374
3.19781e-010,-0.0027081
5.19781e-010,-0.000498374
7.19781e-010,-0.000498374
9.19781e-010,-0.000498374
1.11978e-009,0.00171136
1.31978e-009,-0.000498374
1.51978e-009,-0.000498374
1.71978e-009,-0.000498374
1.91978e-009,-0.000498374
2.11978e-009,0.00392109
2.31978e-009,-0.000498374
2.51978e-009,-0.0027081
2.71978e-009,-0.0027081
2.91978e-009,0.00171136
3.11978e-009,0.00171136
3.31978e-009,-0.0027081
3.51978e-009,-0.0027081
3.71978e-009,0.00171136
3.91978e-009,-0.000498374
4.11978e-009,-0.000498374
4.31978e-009,-0.000498374
4.51978e-009,-0.0027081
4.71978e-009,0.00392109
4.91978e-009,-0.000498374
5.11978e-009,-0.000498374
5.31978e-009,0.00171136
5.51978e-009,-0.000498374
5.71978e-009,-0.0027081
5.91978e-009,-0.0027081
6.11978e-009,0.00392109
6.31978e-009,0.00392109
6.51978e-009,0.00171136
6.71978e-009,-0.00491783
6.91978e-009,0.00171136
7.11978e-009,-0.000498374
7.31978e-009,-0.000498374
7.51978e-009,-0.000498374
7.71978e-009,-0.0027081
7.91978e-009,-0.000498374
8.11978e-009,-0.0027081
8.31978e-009,-0.0027081
8.51978e-009,-0.0027081
8.71978e-009,-0.000498374
8.91978e-009,0.00392109
9.11978e-009,0.00171136
9.31978e-009,0.00392109
9.51978e-009,0.00392109
9.71978e-009,-0.000498374
9.91978e-009,0.00392109
1.01198e-008,0.00171136
1.03198e-008,0.00392109
1.05198e-008,0.00392109
1.07198e-008,-0.000498374
1.09198e-008,0.00171136
1.11198e-008,-0.000498374
1.13198e-008,-0.0027081
1.15198e-008,0.00171136
1.17198e-008,-0.000498374
1.19198e-008,-0.0027081
1.21198e-008,0.00171136
1.23198e-008,-0.0027081
1.25198e-008,-0.00491783
1.27198e-008,-0.000498374
1.29198e-008,-0.000498374
1.31198e-008,-0.000498374
1.33198e-008,-0.000498374
1.35198e-008,-0.000498374
1.37198e-008,0.00171136
1.39198e-008,-0.000498374
1.41198e-008,-0.0027081
1.43198e-008,-0.000498374
1.45198e-008,-0.00491783
1.47198e-008,-0.0027081
1.49198e-008,-0.0027081
1.51198e-008,-0.000498374
1.53198e-008,-0.0027081
1.55198e-008,-0.0027081
1.57198e-008,0.00171136
1.59198e-008,-0.000498374
1.61198e-008,0.00171136
1.63198e-008,-0.000498374
1.65198e-008,0.00171136
1.67198e-008,0.00171136
1.69198e-008,0.00171136
1.71198e-008,0.00392109
1.73198e-008,0.00171136
1.75198e-008,0.00171136
1.77198e-008,0.00171136
1.79198e-008,0.00392109
1.81198e-008,0.00392109
1.83198e-008,0.00171136
1.85198e-008,-0.000498374
1.87198e-008,-0.000498374
1.89198e-008,-0.000498374
1.91198e-008,0.00171136
1.93198e-008,-0.0027081
1.95198e-008,0.00171136
1.97198e-008,-0.000498374
1.99198e-008,0.00171136
2.01198e-008,-0.000498374
2.03198e-008,-0.000498374
2.05198e-008,-0.000498374
2.07198e-008,-0.0027081
2.09198e-008,-0.000498374
2.11198e-008,0.00171136
2.13198e-008,0.00171136
2.15198e-008,-0.000498374
2.17198e-008,-0.000498374
2.19198e-008,-0.000498374
2.21198e-008,0.00392109
2.23198e-008,-0.000498374
2.25198e-008,-0.000498374
2.27198e-008,0.00171136
2.29198e-008,0.00171136
2.31198e-008,-0.0027081
2.33198e-008,-0.00491783
2.35198e-008,-0.0027081
2.37198e-008,-0.0027081
2.39198e-008,-0.0027081
2.41198e-008,-0.000498374
2.43198e-008,-0.0027081
2.45198e-008,-0.00491783
2.47198e-008,-0.000498374
2.49198e-008,0.00171136
2.51198e-008,0.00171136
2.53198e-008,0.00392109
2.55198e-008,-0.000498374
2.57198e-008,0.00171136
2.59198e-008,0.00613082
2.61198e-008,0.00171136
2.63198e-008,-0.0027081
2.65198e-008,-0.000498374
2.67198e-008,-0.0027081
2.69198e-008,-0.0027081
2.71198e-008,-0.000498374
2.73198e-008,0.00392109
2.75198e-008,-0.000498374
2.77198e-008,-0.000498374
2.79198e-008,-0.00491783
2.81198e-008,-0.0027081
2.83198e-008,-0.000498374
2.85198e-008,-0.0027081
2.87198e-008,-0.0027081
2.89198e-008,0.00392109
2.91198e-008,-0.000498374
2.93198e-008,-0.00491783
2.95198e-008,-0.000498374
2.97198e-008,0.00171136
2.99198e-008,0.00171136
3.01198e-008,0.00171136
3.03198e-008,-0.000498374
3.05198e-008,-0.000498374
3.07198e-008,0.00171136
3.09198e-008,-0.0027081
3.11198e-008,-0.00491783
3.13198e-008,-0.0027081
3.15198e-008,-0.000498374
3.17198e-008,-0.0027081
3.19198e-008,-0.0027081
3.21198e-008,-0.0027081
3.23198e-008,-0.00491783
3.25198e-008,-0.0027081
3.27198e-008,-0.000498374
3.29198e-008,-0.000498374
3.31198e-008,-0.0027081
3.33198e-008,-0.00491783
3.35198e-008,0.00392109
3.37198e-008,-0.000498374
3.39198e-008,-0.000498374
3.41198e-008,-0.0027081
3.43198e-008,0.00171136
3.45198e-008,-0.0027081
3.47198e-008,-0.0027081
3.49198e-008,-0.000498374
3.51198e-008,0.00613082
3.53198e-008,-0.000498374
3.55198e-008,-0.000498374
3.57198e-008,0.00171136
3.59198e-008,-0.0027081
3.61198e-008,-0.000498374
3.63198e-008,-0.00491783
3.65198e-008,-0.00491783
3.67198e-008,-0.0027081
3.69198e-008,0.00392109
3.71198e-008,0.00171136
3.73198e-008,0.00171136
3.75198e-008,0.00392109
3.77198e-008,0.00171136
3.79198e-008,0.00392109
3.81198e-008,-0.0027081
3.83198e-008,-0.00491783
3.85198e-008,-0.000498374
3.87198e-008,-0.000498374
3.89198e-008,-0.000498374
3.91198e-008,0.00171136
3.93198e-008,-0.000498374
3.95198e-008,-0.0027081
3.97198e-008,-0.0027081
3.99198e-008,-0.000498374
4.01198e-008,-0.000498374
4.03198e-008,0.00171136
4.05198e-008,-0.000498374
4.07198e-008,-0.000498374
4.09198e-008,0.00171136
4.11198e-008,0.00392109
4.13198e-008,-0.000498374
4.15198e-008,0.00171136
4.17198e-008,-0.000498374
4.19198e-008,0.00171136
4.21198e-008,0.00171136
4.23198e-008,-0.000498374
4.25198e-008,-0.0027081
4.27198e-008,-0.0027081
4.29198e-008,-0.000498374
4.31198e-008,0.00171136
4.33198e-008,0.00392109
4.35198e-008,0.00171136
4.37198e-008,-0.000498374
4.39198e-008,-0.0027081
4.41198e-008,0.00392109
4.43198e-008,0.00171136
4.45198e-008,-0.0027081
4.47198e-008,0.00171136
4.49198e-008,0.00171136
4.51198e-008,-0.000498374
4.53198e-008,-0.000498374
4.55198e-008,0.00171136
4.57198e-008,-0.000498374
4.59198e-008,-0.00491783
4.61198e-008,-0.000498374
4.63198e-008,0.00171136
4.65198e-008,0.00171136
4.67198e-008,0.00171136
4.69198e-008,0.00171136
4.71198e-008,-0.000498374
4.73198e-008,0.00171136
4.75198e-008,-0.000498374
4.77198e-008,-0.000498374
4.79198e-008,-0.000498374
4.81198e-008,0.00171136
4.83198e-008,0.00171136
4.85198e-008,-0.0027081
4.87198e-008,-0.0027081
4.89198e-008,-0.0027081
4.91198e-008,0.00171136
4.93198e-008,-0.000498374
4.95198e-008,0.00171136
4.97198e-008,0.00171136
4.99198e-008,0.00392109
5.01198e-008,-0.000498374
5.03198e-008,-0.000498374
5.05198e-008,-0.0027081
5.07198e-008,-0.0027081
5.09198e-008,-0.0027081
5.11198e-008,-0.000498374
5.13198e-008,-0.000498374
5.15198e-008,-0.000498374
5.17198e-008,0.00171136
5.19198e-008,-0.0027081
5.21198e-008,-0.0027081
5.23198e-008,-0.0027081
5.25198e-008,-0.00491783
5.27198e-008,-0.0027081
5.29198e-008,0.00171136
5.31198e-008,-0.000498374
5.33198e-008,-0.000498374
5.35198e-008,-0.000498374
5.37198e-008,0.00392109
5.39198e-008,-0.000498374
5.41198e-008,0.00171136
5.43198e-008,-0.0027081
5.45198e-008,-0.000498374
5.47198e-008,-0.000498374
5.49198e-008,0.00392109
5.51198e-008,-0.000498374
5.53198e-008,-0.000498374
5.55198e-008,-0.000498374
5.57198e-008,-0.000498374
5.59198e-008,-0.0027081
5.61198e-008,-0.00491783
5.63198e-008,-0.000498374
5.65198e-008,-0.0027081
5.67198e-008,0.00171136
5.69198e-008,-0.000498374
5.71198e-008,0.00392109
5.73198e-008,-0.000498374
5.75198e-008,0.00171136
5.77198e-008,-0.000498374
5.79198e-008,0.00392109
5.81198e-008,0.00171136
5.83198e-008,-0.000498374
5.85198e-008,-0.00491783
5.87198e-008,-0.0027081
5.89198e-008,0.00171136
5.91198e-008,-0.000498374
5.93198e-008,-0.0027081
5.95198e-008,-0.0027081
5.97198e-008,-0.000498374
5.99198e-008,0.00171136
6.01198e-008,-0.000498374
6.03198e-008,-0.000498374
6.05198e-008,-0.0027081
6.07198e-008,-0.0027081
6.09198e-008,-0.000498374
6.11198e-008,-0.000498374
6.13198e-008,-0.0027081
6.15198e-008,-0.000498374
6.17198e-008,0.00171136
6.19198e-008,-0.000498374
6.21198e-008,-0.000498374
6.23198e-008,0.00171136
6.25198e-008,0.00171136
6.27198e-008,-0.000498374
6.29198e-008,-0.000498374
6.31198e-008,0.00171136
6.33198e-008,-0.000498374
6.35198e-008,0.00171136
6.37198e-008,0.00392109
6.39198e-008,-0.000498374
6.41198e-008,-0.0027081
6.43198e-008,0.00392109
6.45198e-008,0.00834055
6.47198e-008,0.00171136
6.49198e-008,0.00392109
6.51198e-008,-0.000498374
6.53198e-008,-0.000498374
6.55198e-008,0.00171136
6.57198e-008,0.00171136
6.59198e-008,0.00171136
6.61198e-008,0.00613082
6.63198e-008,0.00171136
6.65198e-008,0.00392109
6.67198e-008,0.00392109
6.69198e-008,0.00834055
6.71198e-008,-0.0027081
6.73198e-008,-0.0027081
6.75198e-008,-0.0027081
6.77198e-008,-0.00491783
6.79198e-008,-0.00491783
6.81198e-008,-0.0027081
6.83198e-008,-0.0027081
6.85198e-008,-0.000498374
6.87198e-008,0.00171136
6.89198e-008,0.00171136
6.91198e-008,-0.000498374
6.93198e-008,0.00171136
6.95198e-008,0.00171136
6.97198e-008,0.00171136
6.99198e-008,0.00392109
7.01198e-008,0.00171136
7.03198e-008,0.00171136
7.05198e-008,-0.0027081
7.07198e-008,-0.0027081
7.09198e-008,-0.0027081
7.11198e-008,-0.00491783
7.13198e-008,-0.00712756
7.15198e-008,-0.00491783
7.17198e-008,-0.00491783
7.19198e-008,-0.00491783
7.21198e-008,-0.0027081
7.23198e-008,0.00171136
7.25198e-008,0.00392109
7.27198e-008,0.00392109
7.29198e-008,0.00613082
7.31198e-008,0.00171136
7.33198e-008,0.00613082
7.35198e-008,0.00392109
7.37198e-008,-0.000498374
7.39198e-008,-0.000498374
7.41198e-008,-0.000498374
7.43198e-008,-0.0027081
7.45198e-008,-0.00491783
7.47198e-008,-0.0027081
7.49198e-008,-0.000498374
7.51198e-008,-0.000498374
7.53198e-008,0.00392109
7.55198e-008,0.00171136
7.57198e-008,0.00171136
7.59198e-008,-0.000498374
7.61198e-008,0.00171136
7.63198e-008,0.00171136
7.65198e-008,-0.0027081
7.67198e-008,-0.00491783
7.69198e-008,-0.00491783
7.71198e-008,-0.00491783
7.73198e-008,-0.00491783
7.75198e-008,0.00171136
7.77198e-008,0.00171136
7.79198e-008,0.00171136
7.81198e-008,0.00834055
7.83198e-008,0.00392109
7.85198e-008,0.00171136
7.87198e-008,0.00171136
7.89198e-008,-0.0027081
7.91198e-008,-0.0027081
7.93198e-008,-0.000498374
7.95198e-008,-0.000498374
7.97198e-008,-0.00491783
7.99198e-008,-0.00491783
8.01198e-008,-0.000498374
8.03198e-008,-0.000498374
8.05198e-008,0.00171136
8.07198e-008,-0.000498374
8.09198e-008,-0.0027081
8.11198e-008,-0.000498374
8.13198e-008,-0.000498374
8.15198e-008,0.00392109
8.17198e-008,0.00171136
8.19198e-008,0.00392109
8.21198e-008,-0.000498374
8.23198e-008,-0.000498374
8.25198e-008,-0.000498374
8.27198e-008,-0.00491783
8.29198e-008,0.00171136
8.31198e-008,-0.000498374
8.33198e-008,0.00171136
8.35198e-008,0.00392109
8.37198e-008,0.00613082
8.39198e-008,0.00171136
8.41198e-008,-0.0027081
8.43198e-008,-0.0027081
8.45198e-008,-0.000498374
8.47198e-008,-0.00491783
8.49198e-008,-0.000498374
8.51198e-008,-0.00491783
8.53198e-008,-0.00491783
8.55198e-008,0.00171136
8.57198e-008,-0.0027081
8.59198e-008,-0.0027081
8.61198e-008,0.00171136
8.63198e-008,-0.0027081
8.65198e-008,-0.0027081
8.67198e-008,-0.000498374
8.69198e-008,-0.00491783
8.71198e-008,-0.0027081
8.73198e-008,-0.00491783
8.75198e-008,-0.00491783
8.77198e-008,-0.000498374
8.79198e-008,-0.00491783
8.81198e-008,-0.00491783
8.83198e-008,0.00171136
8.85198e-008,-0.0027081
8.87198e-008,-0.000498374
8.89198e-008,0.00171136
8.91198e-008,0.00613082
8.93198e-008,0.00171136
8.95198e-008,-0.00491783
8.97198e-008,0.00171136
8.99198e-008,0.00171136
9.01198e-008,0.00392109
9.03198e-008,0.00171136
9.05198e-008,-0.0027081
9.07198e-008,-0.000498374
9.09198e-008,-0.000498374
9.11198e-008,0.00171136
9.13198e-008,-0.0027081
9.15198e-008,-0.000498374
9.17198e-008,-0.000498374
9.19198e-008,-0.000498374
9.21198e-008,0.00392109
9.23198e-008,-0.000498374
9.25198e-008,-0.000498374
9.27198e-008,0.00171136
9.29198e-008,0.00171136
9.31198e-008,-0.0027081
9.33198e-008,0.00171136
9.35198e-008,0.00171136
9.37198e-008,0.00171136
9.39198e-008,0.00171136
9.41198e-008,-0.0027081
9.43198e-008,-0.0027081
9.45198e-008,-0.000498374
9.47198e-008,-0.0027081
9.49198e-008,-0.000498374
9.51198e-008,-0.000498374
9.53198e-008,-0.00491783
9.55198e-008,-0.00491783
9.57198e-008,-0.0027081
9.59198e-008,-0.0027081
9.61198e-008,-0.0027081
9.63198e-008,0.00171136
9.65198e-008,-0.0027081
9.67198e-008,-0.000498374
9.69198e-008,-0.0027081
9.71198e-008,-0.00491783
9.73198e-008,-0.000498374
9.75198e-008,-0.000498374
9.77198e-008,0.00171136
9.79198e-008,0.00171136
9.81198e-008,0.00171136
9.83198e-008,-0.0027081
9.85198e-008,-0.00491783
9.87198e-008,-0.00491783
9.89198e-008,-0.0027081
9.91198e-008,-0.000498374
9.93198e-008,-0.000498374
9.95198e-008,0.00171136
9.97198e-008,0.00171136
9.99198e-008,-0.000498374
1.0012e-007,0.00171136
1.0032e-007,0.00171136
1.0052e-007,-0.000498374
1.0072e-007,-0.000498374
1.0092e-007,-0.0027081
1.0112e-007,-0.0027081
1.0132e-007,-0.000498374
1.0152e-007,-0.000498374
1.0172e-007,0.00392109
1.0192e-007,0.00171136
1.0212e-007,-0.0027081
1.0232e-007,-0.000498374
1.0252e-007,0.00171136
1.0272e-007,0.00171136
1.0292e-007,-0.000498374
1.0312e-007,-0.00491783
1.0332e-007,-0.000498374
1.0352e-007,-0.0027081
1.0372e-007,-0.000498374
1.0392e-007,-0.000498374
1.0412e-007,-0.000498374
1.0432e-007,-0.0027081
1.0452e-007,0.00171136
1.0472e-007,-0.0027081
1.0492e-007,-0.000498374
1.0512e-007,-0.0027081
1.0532e-007,-0.000498374
1.0552e-007,-0.000498374
1.0572e-007,-0.0027081
1.0592e-007,-0.000498374
1.0612e-007,0.00171136
1.0632e-007,0.00171136
1.0652e-007,-0.000498374
1.0672e-007,-0.000498374
1.0692e-007,0.00392109
1.0712e-007,0.00171136
1.0732e-007,0.00392109
1.0752e-007,-0.000498374
1.0772e-007,0.00171136
1.0792e-007,-0.000498374
1.0812e-007,-0.0027081
1.0832e-007,0.00171136
1.0852e-007,-0.00491783
1.0872e-007,-0.000498374
1.0892e-007,-0.000498374
1.0912e-007,-0.000498374
1.0932e-007,-0.000498374
1.0952e-007,-0.0027081
1.0972e-007,-0.000498374
1.0992e-007,0.00392109
1.1012e-007,-0.000498374
1.1032e-007,-0.000498374
1.1052e-007,-0.000498374
1.1072e-007,-0.000498374
1.1092e-007,0.00171136
1.1112e-007,-0.000498374
1.1132e-007,-0.0027081
1.1152e-007,-0.00491783
1.1172e-007,-0.000498374
1.1192e-007,-0.0027081
1.1212e-007,-0.00491783
1.1232e-007,0.00171136
1.1252e-007,0.00171136
1.1272e-007,0.00171136
1.1292e-007,-0.0027081
1.1312e-007,-0.000498374
1.1332e-007,-0.000498374
1.1352e-007,0.00171136
1.1372e-007,0.00171136
1.1392e-007,-0.000498374
1.1412e-007,0.00171136
1.1432e-007,-0.000498374
1.1452e-007,0.00171136
1.1472e-007,-0.000498374
1.1492e-007,-0.000498374
1.1512e-007,-0.000498374
1.1532e-007,-0.000498374
1.1552e-007,-0.000498374
1.1572e-007,0.00171136
1.1592e-007,-0.0027081
1.1612e-007,-0.000498374
1.1632e-007,-0.000498374
1.1652e-007,-0.000498374
1.1672e-007,0.00171136
1.1692e-007,-0.000498374
1.1712e-007,-0.0027081
1.1732e-007,-0.000498374
1.1752e-007,-0.0027081
1.1772e-007,-0.0027081
1.1792e-007,-0.000498374
1.1812e-007,0.00171136
1.1832e-007,0.00171136
1.1852e-007,-0.000498374
1.1872e-007,-0.000498374
1.1892e-007,0.00171136
1.1912e-007,-0.000498374
1.1932e-007,-0.0027081
1.1952e-007,-0.00491783
1.1972e-007,-0.000498374
1.1992e-007,0.00171136
1.2012e-007,-0.000498374
1.2032e-007,-0.000498374
1.2052e-007,-0.0027081
1.2072e-007,-0.0027081
1.2092e-007,-0.000498374
1.2112e-007,0.00171136
1.2132e-007,-0.0027081
1.2152e-007,-0.000498374
1.2172e-007,-0.000498374
1.2192e-007,0.00171136
1.2212e-007,-0.000498374
1.2232e-007,-0.0027081
1.2252e-007,-0.000498374
1.2272e-007,0.00171136
1.2292e-007,-0.000498374
1.2312e-007,0.00171136
1.2332e-007,0.00171136
1.2352e-007,0.00171136
1.2372e-007,0.00171136
1.2392e-007,-0.0027081
1.2412e-007,-0.0027081
1.2432e-007,0.00392109
1.2452e-007,-0.0027081
1.2472e-007,0.00171136
1.2492e-007,-0.000498374
1.2512e-007,-0.0027081
1.2532e-007,-0.0027081
1.2552e-007,0.00171136
1.2572e-007,-0.000498374
1.2592e-007,-0.000498374
1.2612e-007,-0.0027081
1.2632e-007,-0.000498374
1.2652e-007,-0.0027081
1.2672e-007,0.00392109
1.2692e-007,-0.000498374
1.2712e-007,-0.0027081
1.2732e-007,-0.0027081
1.2752e-007,-0.000498374
1.2772e-007,-0.0027081
1.2792e-007,-0.0027081
1.2812e-007,-0.0027081
1.2832e-007,-0.0027081
1.2852e-007,-0.000498374
1.2872e-007,0.00171136
1.2892e-007,0.00392109
1.2912e-007,0.00171136
1.2932e-007,0.00171136
1.2952e-007,-0.0027081
1.2972e-007,-0.000498374
1.2992e-007,-0.000498374
1.3012e-007,0.00171136
1.3032e-007,-0.000498374
1.3052e-007,-0.000498374
1.3072e-007,-0.000498374
1.3092e-007,0.00392109
1.3112e-007,0.00171136
1.3132e-007,0.00392109
1.3152e-007,-0.000498374
1.3172e-007,0.00171136
1.3192e-007,0.00171136
1.3212e-007,-0.000498374
1.3232e-007,-0.000498374
1.3252e-007,-0.0027081
1.3272e-007,0.00171136
1.3292e-007,-0.000498374
1.3312e-007,-0.000498374
1.3332e-007,0.00171136
1.3352e-007,0.00171136
1.3372e-007,-0.000498374
1.3392e-007,0.00392109
1.3412e-007,0.00171136
1.3432e-007,0.00171136
1.3452e-007,0.00171136
1.3472e-007,-0.000498374
1.3492e-007,0.00171136
1.3512e-007,0.00171136
1.3532e-007,-0.0027081
1.3552e-007,-0.00712756
1.3572e-007,-0.0027081
1.3592e-007,-0.000498374
1.3612e-007,-0.00491783
1.3632e-007,-0.0027081
1.3652e-007,0.00171136
1.3672e-007,-0.0027081
1.3692e-007,0.00171136
1.3712e-007,-0.000498374
1.3732e-007,-0.000498374
1.3752e-007,0.00171136
1.3772e-007,0.00171136
1.3792e-007,0.00171136
1.3812e-007,0.00171136
1.3832e-007,0.00171136
1.3852e-007,0.00171136
1.3872e-007,0.00171136
1.3892e-007,0.00171136
1.3912e-007,-0.000498374
1.3932e-007,-0.000498374
1.3952e-007,-0.000498374
1.3972e-007,0.00171136
1.3992e-007,0.00171136
1.4012e-007,0.00171136
1.4032e-007,0.00171136
1.4052e-007,0.00171136
1.4072e-007,-0.000498374
1.4092e-007,0.00171136
1.4112e-007,-0.000498374
1.4132e-007,0.00171136
1.4152e-007,-0.000498374
1.4172e-007,-0.0027081
1.4192e-007,-0.0027081
1.4212e-007,0.00171136
1.4232e-007,0.00171136
1.4252e-007,-0.0027081
1.4272e-007,-0.000498374
1.4292e-007,0.00171136
1.4312e-007,0.00171136
1.4332e-007,-0.0027081
1.4352e-007,-0.000498374
1.4372e-007,-0.0027081
1.4392e-007,-0.00491783
1.4412e-007,-0.0027081
1.4432e-007,-0.000498374
1.4452e-007,-0.000498374
1.4472e-007,0.00171136
1.4492e-007,-0.000498374
1.4512e-007,0.00171136
1.4532e-007,-0.0027081
1.4552e-007,0.00171136
1.4572e-007,0.00171136
1.4592e-007,0.00392109
1.4612e-007,0.00171136
1.4632e-007,-0.000498374
1.4652e-007,-0.000498374
1.4672e-007,-0.000498374
1.4692e-007,0.00171136
1.4712e-007,0.00171136
1.4732e-007,-0.000498374
1.4752e-007,-0.000498374
1.4772e-007,-0.000498374
1.4792e-007,0.00171136
1.4812e-007,0.00171136
1.4832e-007,-0.000498374
1.4852e-007,-0.0027081
1.4872e-007,-0.000498374
1.4892e-007,0.00171136
1.4912e-007,-0.000498374
1.4932e-007,0.00171136
1.4952e-007,-0.000498374
1.4972e-007,-0.000498374
1.4992e-007,0.00613082
1.5012e-007,0.00171136
1.5032e-007,-0.000498374
1.5052e-007,-0.0027081
1.5072e-007,0.00171136
1.5092e-007,-0.000498374
1.5112e-007,-0.0027081
1.5132e-007,-0.00491783
1.5152e-007,-0.00491783
1.5172e-007,-0.00491783
1.5192e-007,-0.000498374
1.5212e-007,-0.000498374
1.5232e-007,0.00171136
1.5252e-007,-0.000498374
1.5272e-007,0.00613082
1.5292e-007,0.00171136
1.5312e-007,-0.000498374
1.5332e-007,0.00171136
1.5352e-007,0.00171136
1.5372e-007,-0.000498374
1.5392e-007,0.00171136
1.5412e-007,-0.0027081
1.5432e-007,-0.0027081
1.5452e-007,0.00171136
1.5472e-007,-0.000498374
1.5492e-007,0.00171136
1.5512e-007,0.00171136
1.5532e-007,-0.000498374
1.5552e-007,-0.000498374
1.5572e-007,0.00171136
1.5592e-007,-0.000498374
1.5612e-007,-0.0027081
1.5632e-007,-0.000498374
1.5652e-007,-0.000498374
1.5672e-007,0.00171136
1.5692e-007,0.00171136
1.5712e-007,0.00171136
1.5732e-007,0.00171136
1.5752e-007,-0.000498374
1.5772e-007,-0.000498374
1.5792e-007,-0.000498374
1.5812e-007,-0.000498374
1.5832e-007,-0.000498374
1.5852e-007,0.00392109
1.5872e-007,0.00171136
1.5892e-007,0.00171136
1.5912e-007,-0.000498374
1.5932e-007,-0.00491783
1.5952e-007,-0.000498374
1.5972e-007,0.00171136
1.5992e-007,-0.000498374
1.6012e-007,0.00171136
1.6032e-007,-0.000498374
1.6052e-007,-0.000498374
1.6072e-007,-0.000498374
1.6092e-007,-0.000498374
1.6112e-007,0.00392109
1.6132e-007,-0.0027081
1.6152e-007,0.00171136
1.6172e-007,0.00171136
1.6192e-007,-0.0027081
1.6212e-007,0.00171136
1.6232e-007,0.00392109
1.6252e-007,-0.0027081
1.6272e-007,-0.000498374
1.6292e-007,0.00171136
1.6312e-007,-0.0027081
1.6332e-007,-0.000498374
1.6352e-007,-0.000498374
1.6372e-007,0.00171136
1.6392e-007,-0.000498374
1.6412e-007,-0.000498374
1.6432e-007,-0.000498374
1.6452e-007,-0.000498374
1.6472e-007,-0.000498374
1.6492e-007,-0.000498374
1.6512e-007,-0.0027081
1.6532e-007,0.00171136
1.6552e-007,-0.000498374
1.6572e-007,-0.0027081
1.6592e-007,-0.000498374
1.6612e-007,-0.0027081
1.6632e-007,0.00171136
1.6652e-007,-0.000498374
1.6672e-007,-0.000498374
1.6692e-007,0.00171136
1.6712e-007,-0.000498374
1.6732e-007,-0.0027081
1.6752e-007,-0.00491783
1.6772e-007,0.00171136
1.6792e-007,-0.0027081
1.6812e-007,-0.000498374
1.6832e-007,0.00171136
1.6852e-007,-0.000498374
1.6872e-007,-0.0027081
1.6892e-007,-0.000498374
1.6912e-007,-0.000498374
1.6932e-007,-0.000498374
1.6952e-007,-0.000498374
1.6972e-007,0.00392109
1.6992e-007,0.00171136
1.7012e-007,0.00171136
1.7032e-007,-0.0027081
1.7052e-007,0.00171136
1.7072e-007,-0.0027081
1.7092e-007,-0.00491783
1.7112e-007,0.00171136
1.7132e-007,-0.000498374
1.7152e-007,-0.000498374
1.7172e-007,0.00171136
1.7192e-007,0.00392109
1.7212e-007,0.00392109
1.7232e-007,0.00171136
1.7252e-007,-0.000498374
1.7272e-007,0.00392109
1.7292e-007,0.00171136
1.7312e-007,-0.000498374
1.7332e-007,-0.0027081
1.7352e-007,0.00171136
1.7372e-007,-0.0027081
1.7392e-007,0.00171136
1.7412e-007,-0.000498374
1.7432e-007,-0.000498374
1.7452e-007,-0.000498374
1.7472e-007,-0.000498374
1.7492e-007,-0.0027081
1.7512e-007,-0.00712756
1.7532e-007,-0.000498374
1.7552e-007,-0.0027081
1.7572e-007,0.00171136
1.7592e-007,-0.0027081
1.7612e-007,-0.000498374
1.7632e-007,0.00171136
1.7652e-007,0.00171136
1.7672e-007,0.00171136
1.7692e-007,0.00171136
1.7712e-007,0.00392109
1.7732e-007,0.00171136
1.7752e-007,0.00171136
1.7772e-007,0.00171136
1.7792e-007,-0.0027081
1.7812e-007,0.00392109
1.7832e-007,-0.0027081
1.7852e-007,-0.000498374
1.7872e-007,-0.000498374
1.7892e-007,0.00171136
1.7912e-007,-0.000498374
1.7932e-007,-0.0027081
1.7952e-007,-0.0027081
1.7972e-007,-0.0027081
1.7992e-007,-0.0027081
1.8012e-007,0.00171136
1.8032e-007,-0.000498374
1.8052e-007,-0.0027081
1.8072e-007,0.00171136
1.8092e-007,-0.000498374
1.8112e-007,-0.00491783
1.8132e-007,-0.0027081
1.8152e-007,-0.000498374
1.8172e-007,-0.000498374
1.8192e-007,-0.000498374
1.8212e-007,0.00392109
1.8232e-007,0.00171136
1.8252e-007,-0.0027081
1.8272e-007,-0.0027081
1.8292e-007,-0.0027081
1.8312e-007,-0.0027081
1.8332e-007,-0.000498374
1.8352e-007,-0.0027081
1.8372e-007,-0.0027081
1.8392e-007,-0.000498374
1.8412e-007,-0.00491783
1.8432e-007,0.00171136
1.8452e-007,-0.000498374
1.8472e-007,0.00171136
1.8492e-007,0.00171136
1.8512e-007,0.00613082
1.8532e-007,0.00171136
1.8552e-007,0.00392109
1.8572e-007,-0.000498374
1.8592e-007,-0.0027081
1.8612e-007,0.00171136
1.8632e-007,-0.000498374
1.8652e-007,-0.00491783
1.8672e-007,0.00171136
1.8692e-007,-0.000498374
1.8712e-007,-0.0027081
1.8732e-007,0.00392109
1.8752e-007,0.00171136
1.8772e-007,-0.000498374
1.8792e-007,-0.0027081
1.8812e-007,0.00171136
1.8832e-007,0.00171136
1.8852e-007,-0.0027081
1.8872e-007,-0.0027081
1.8892e-007,0.00392109
1.8912e-007,0.00171136
1.8932e-007,-0.000498374
1.8952e-007,0.00171136
1.8972e-007,0.00171136
1.8992e-007,0.00171136
1.9012e-007,-0.0027081
1.9032e-007,-0.000498374
1.9052e-007,-0.0027081
