LECROYWR6050,144,Waveform
Segments,1,SegmentSize,1002
Segment,TrigTime,TimeSinceSegment1
#1,17-Jan-2002 05:23:16,0                 
Time,Ampl
-9.68371e-009,-0.000498374
-9.48371e-009,-0.000498374
-9.28371e-009,-0.000498374
-9.08371e-009,0.00392109
-8.88371e-009,-0.000498374
-8.68371e-009,0.00171136
-8.48371e-009,-0.000498374
-8.28371e-009,-0.0027081
-8.08371e-009,-0.0027081
-7.88371e-009,-0.000498374
-7.68371e-009,-0.000498374
-7.48371e-009,-0.000498374
-7.28371e-009,-0.000498374
-7.08371e-009,-0.000498374
-6.88371e-009,0.00171136
-6.68371e-009,0.00171136
-6.48371e-009,0.00171136
-6.28371e-009,0.00171136
-6.08371e-009,-0.000498374
-5.88371e-009,-0.000498374
-5.68371e-009,-0.000498374
-5.48371e-009,-0.00491783
-5.28371e-009,-0.000498374
-5.08371e-009,-0.0027081
-4.88371e-009,-0.0027081
-4.68371e-009,-0.00491783
-4.48371e-009,-0.0027081
-4.28371e-009,-0.000498374
-4.08371e-009,-0.000498374
-3.88371e-009,0.00171136
-3.68371e-009,0.00171136
-3.48371e-009,-0.000498374
-3.28371e-009,0.00171136
-3.08371e-009,-0.000498374
-2.88371e-009,0.00171136
-2.68371e-009,0.00171136
-2.48371e-009,0.00171136
-2.28371e-009,0.00392109
-2.08371e-009,-0.0027081
-1.88371e-009,-0.000498374
-1.68371e-009,-0.00712756
-1.48371e-009,-0.0027081
-1.28371e-009,-0.000498374
-1.08371e-009,0.00171136
-8.8371e-010,0.00392109
-6.8371e-010,-0.000498374
-4.8371e-010,-0.000498374
-2.8371e-010,0.00171136
-8.37102e-011,-0.000498374
1.1629e-010,0.00171136
3.1629e-010,-0.000498374
5.1629e-010,0.00171136
7.1629e-010,0.00171136
9.1629e-010,0.00171136
1.11629e-009,0.00392109
1.31629e-009,-0.0027081
1.51629e-009,-0.000498374
1.71629e-009,-0.000498374
1.91629e-009,0.00171136
2.11629e-009,-0.000498374
2.31629e-009,-0.0027081
2.51629e-009,-0.0027081
2.71629e-009,0.00171136
2.91629e-009,-0.000498374
3.11629e-009,-0.000498374
3.31629e-009,-0.000498374
3.51629e-009,-0.000498374
3.71629e-009,-0.000498374
3.91629e-009,-0.000498374
4.11629e-009,0.00171136
4.31629e-009,-0.0027081
4.51629e-009,0.00171136
4.71629e-009,-0.000498374
4.91629e-009,0.00171136
5.11629e-009,0.00171136
5.31629e-009,0.00171136
5.51629e-009,-0.000498374
5.71629e-009,-0.000498374
5.91629e-009,-0.000498374
6.11629e-009,0.00171136
6.31629e-009,-0.000498374
6.51629e-009,-0.000498374
6.71629e-009,-0.000498374
6.91629e-009,0.00171136
7.11629e-009,-0.000498374
7.31629e-009,-0.00491783
7.51629e-009,0.00392109
7.71629e-009,0.00392109
7.91629e-009,0.00171136
8.11629e-009,0.00613082
8.31629e-009,0.00834055
8.51629e-009,0.00171136
8.71629e-009,0.00171136
8.91629e-009,-0.000498374
9.11629e-009,0.00392109
9.31629e-009,0.00392109
9.51629e-009,-0.000498374
9.71629e-009,0.00171136
9.91629e-009,-0.000498374
1.01163e-008,0.00171136
1.03163e-008,-0.000498374
1.05163e-008,-0.00491783
1.07163e-008,0.00171136
1.09163e-008,-0.000498374
1.11163e-008,-0.000498374
1.13163e-008,-0.000498374
1.15163e-008,-0.000498374
1.17163e-008,0.00171136
1.19163e-008,-0.000498374
1.21163e-008,0.00392109
1.23163e-008,-0.000498374
1.25163e-008,-0.0027081
1.27163e-008,-0.00491783
1.29163e-008,-0.000498374
1.31163e-008,0.00171136
1.33163e-008,0.00392109
1.35163e-008,0.00171136
1.37163e-008,-0.000498374
1.39163e-008,0.00171136
1.41163e-008,0.00171136
1.43163e-008,0.00171136
1.45163e-008,-0.0027081
1.47163e-008,-0.000498374
1.49163e-008,0.00171136
1.51163e-008,-0.000498374
1.53163e-008,0.00171136
1.55163e-008,0.00171136
1.57163e-008,0.00171136
1.59163e-008,0.00392109
1.61163e-008,0.00171136
1.63163e-008,-0.0027081
1.65163e-008,-0.000498374
1.67163e-008,0.00171136
1.69163e-008,-0.000498374
1.71163e-008,-0.00491783
1.73163e-008,0.00392109
1.75163e-008,-0.000498374
1.77163e-008,0.00392109
1.79163e-008,-0.000498374
1.81163e-008,0.00392109
1.83163e-008,0.00171136
1.85163e-008,-0.000498374
1.87163e-008,-0.0027081
1.89163e-008,-0.000498374
1.91163e-008,-0.000498374
1.93163e-008,-0.00491783
1.95163e-008,-0.000498374
1.97163e-008,-0.000498374
1.99163e-008,-0.0027081
2.01163e-008,-0.000498374
2.03163e-008,0.00171136
2.05163e-008,0.00171136
2.07163e-008,-0.000498374
2.09163e-008,-0.000498374
2.11163e-008,0.00392109
2.13163e-008,0.00171136
2.15163e-008,-0.000498374
2.17163e-008,-0.000498374
2.19163e-008,0.00171136
2.21163e-008,-0.000498374
2.23163e-008,-0.000498374
2.25163e-008,-0.000498374
2.27163e-008,-0.0027081
2.29163e-008,-0.0027081
2.31163e-008,-0.000498374
2.33163e-008,-0.0027081
2.35163e-008,0.00171136
2.37163e-008,-0.0027081
2.39163e-008,-0.0027081
2.41163e-008,0.00171136
2.43163e-008,-0.000498374
2.45163e-008,-0.000498374
2.47163e-008,-0.000498374
2.49163e-008,-0.00491783
2.51163e-008,0.00171136
2.53163e-008,-0.000498374
2.55163e-008,0.00171136
2.57163e-008,0.00171136
2.59163e-008,0.00171136
2.61163e-008,-0.000498374
2.63163e-008,-0.000498374
2.65163e-008,-0.0027081
2.67163e-008,-0.000498374
2.69163e-008,-0.000498374
2.71163e-008,-0.000498374
2.73163e-008,-0.0027081
2.75163e-008,-0.0027081
2.77163e-008,-0.0027081
2.79163e-008,-0.0027081
2.81163e-008,-0.0027081
2.83163e-008,0.00171136
2.85163e-008,0.00171136
2.87163e-008,0.00392109
2.89163e-008,0.00171136
2.91163e-008,0.00392109
2.93163e-008,0.00171136
2.95163e-008,-0.000498374
2.97163e-008,0.00171136
2.99163e-008,-0.0027081
3.01163e-008,-0.000498374
3.03163e-008,-0.0027081
3.05163e-008,-0.000498374
3.07163e-008,-0.000498374
3.09163e-008,-0.000498374
3.11163e-008,0.00171136
3.13163e-008,-0.000498374
3.15163e-008,0.00171136
3.17163e-008,0.00171136
3.19163e-008,-0.0027081
3.21163e-008,-0.000498374
3.23163e-008,0.00171136
3.25163e-008,0.00171136
3.27163e-008,0.00171136
3.29163e-008,-0.000498374
3.31163e-008,0.00171136
3.33163e-008,-0.0027081
3.35163e-008,0.00171136
3.37163e-008,-0.0027081
3.39163e-008,-0.000498374
3.41163e-008,-0.000498374
3.43163e-008,0.00171136
3.45163e-008,-0.000498374
3.47163e-008,-0.000498374
3.49163e-008,0.00171136
3.51163e-008,-0.0027081
3.53163e-008,-0.000498374
3.55163e-008,-0.000498374
3.57163e-008,-0.000498374
3.59163e-008,0.00171136
3.61163e-008,0.00171136
3.63163e-008,-0.000498374
3.65163e-008,0.00171136
3.67163e-008,0.00171136
3.69163e-008,0.00171136
3.71163e-008,-0.000498374
3.73163e-008,0.00171136
3.75163e-008,0.00171136
3.77163e-008,-0.0027081
3.79163e-008,0.00171136
3.81163e-008,-0.000498374
3.83163e-008,-0.000498374
3.85163e-008,-0.0027081
3.87163e-008,-0.0027081
3.89163e-008,0.00171136
3.91163e-008,-0.000498374
3.93163e-008,0.00171136
3.95163e-008,0.00171136
3.97163e-008,-0.0027081
3.99163e-008,-0.000498374
4.01163e-008,-0.000498374
4.03163e-008,0.00392109
4.05163e-008,0.00171136
4.07163e-008,0.00613082
4.09163e-008,0.00171136
4.11163e-008,-0.000498374
4.13163e-008,0.00171136
4.15163e-008,-0.000498374
4.17163e-008,0.00171136
4.19163e-008,-0.000498374
4.21163e-008,-0.000498374
4.23163e-008,-0.000498374
4.25163e-008,-0.000498374
4.27163e-008,-0.0027081
4.29163e-008,-0.000498374
4.31163e-008,-0.000498374
4.33163e-008,-0.000498374
4.35163e-008,-0.000498374
4.37163e-008,0.00392109
4.39163e-008,0.00171136
4.41163e-008,0.00171136
4.43163e-008,-0.000498374
4.45163e-008,0.00171136
4.47163e-008,0.00392109
4.49163e-008,0.00171136
4.51163e-008,0.00613082
4.53163e-008,0.00613082
4.55163e-008,0.00392109
4.57163e-008,0.00171136
4.59163e-008,-0.00491783
4.61163e-008,-0.000498374
4.63163e-008,-0.0027081
4.65163e-008,-0.000498374
4.67163e-008,-0.000498374
4.69163e-008,-0.000498374
4.71163e-008,0.00171136
4.73163e-008,-0.000498374
4.75163e-008,-0.000498374
4.77163e-008,-0.0027081
4.79163e-008,-0.000498374
4.81163e-008,0.00171136
4.83163e-008,0.00171136
4.85163e-008,-0.000498374
4.87163e-008,-0.000498374
4.89163e-008,-0.0027081
4.91163e-008,-0.000498374
4.93163e-008,0.00392109
4.95163e-008,0.00171136
4.97163e-008,-0.000498374
4.99163e-008,0.00171136
5.01163e-008,0.00392109
5.03163e-008,0.00171136
5.05163e-008,-0.00712756
5.07163e-008,-0.0027081
5.09163e-008,-0.0027081
5.11163e-008,-0.00491783
5.13163e-008,-0.000498374
5.15163e-008,-0.000498374
5.17163e-008,0.00392109
5.19163e-008,0.00171136
5.21163e-008,-0.000498374
5.23163e-008,0.00171136
5.25163e-008,0.00171136
5.27163e-008,-0.0027081
5.29163e-008,-0.000498374
5.31163e-008,0.00171136
5.33163e-008,-0.00491783
5.35163e-008,-0.0027081
5.37163e-008,-0.000498374
5.39163e-008,0.00392109
5.41163e-008,-0.000498374
5.43163e-008,0.00171136
5.45163e-008,0.00171136
5.47163e-008,-0.000498374
5.49163e-008,-0.000498374
5.51163e-008,-0.000498374
5.53163e-008,-0.000498374
5.55163e-008,0.00171136
5.57163e-008,-0.000498374
5.59163e-008,-0.000498374
5.61163e-008,0.00613082
5.63163e-008,0.00392109
5.65163e-008,0.00171136
5.67163e-008,-0.000498374
5.69163e-008,0.00171136
5.71163e-008,0.00392109
5.73163e-008,0.00392109
5.75163e-008,-0.000498374
5.77163e-008,0.00171136
5.79163e-008,-0.000498374
5.81163e-008,-0.000498374
5.83163e-008,-0.0027081
5.85163e-008,-0.000498374
5.87163e-008,-0.000498374
5.89163e-008,0.00171136
5.91163e-008,-0.000498374
5.93163e-008,-0.000498374
5.95163e-008,0.00171136
5.97163e-008,0.00171136
5.99163e-008,0.00171136
6.01163e-008,0.00171136
6.03163e-008,0.00171136
6.05163e-008,-0.0027081
6.07163e-008,-0.0027081
6.09163e-008,0.00171136
6.11163e-008,0.00392109
6.13163e-008,0.00171136
6.15163e-008,-0.0027081
6.17163e-008,0.00171136
6.19163e-008,-0.000498374
6.21163e-008,0.00171136
6.23163e-008,-0.000498374
6.25163e-008,0.00171136
6.27163e-008,0.00171136
6.29163e-008,-0.000498374
6.31163e-008,-0.000498374
6.33163e-008,-0.0027081
6.35163e-008,-0.000498374
6.37163e-008,-0.0027081
6.39163e-008,-0.0027081
6.41163e-008,0.00171136
6.43163e-008,0.00171136
6.45163e-008,0.00171136
6.47163e-008,0.00392109
6.49163e-008,-0.000498374
6.51163e-008,0.00171136
6.53163e-008,-0.000498374
6.55163e-008,-0.000498374
6.57163e-008,0.00171136
6.59163e-008,-0.000498374
6.61163e-008,0.00171136
6.63163e-008,0.00392109
6.65163e-008,0.00392109
6.67163e-008,-0.000498374
6.69163e-008,0.00392109
6.71163e-008,0.00171136
6.73163e-008,0.00171136
6.75163e-008,0.00171136
6.77163e-008,-0.00491783
6.79163e-008,-0.00712756
6.81163e-008,-0.0027081
6.83163e-008,-0.00491783
6.85163e-008,-0.0027081
6.87163e-008,0.00171136
6.89163e-008,0.00171136
6.91163e-008,0.00171136
6.93163e-008,0.00392109
6.95163e-008,0.00834055
6.97163e-008,0.00613082
6.99163e-008,0.00392109
7.01163e-008,0.00392109
7.03163e-008,0.00171136
7.05163e-008,-0.000498374
7.07163e-008,-0.000498374
7.09163e-008,-0.0027081
7.11163e-008,0.00171136
7.13163e-008,-0.0027081
7.15163e-008,0.00171136
7.17163e-008,-0.0027081
7.19163e-008,-0.000498374
7.21163e-008,0.00392109
7.23163e-008,0.00392109
7.25163e-008,0.00613082
7.27163e-008,0.00613082
7.29163e-008,0.00392109
7.31163e-008,0.00171136
7.33163e-008,0.00171136
7.35163e-008,-0.000498374
7.37163e-008,-0.0027081
7.39163e-008,-0.00491783
7.41163e-008,-0.00491783
7.43163e-008,-0.00491783
7.45163e-008,-0.0027081
7.47163e-008,-0.00491783
7.49163e-008,0.00171136
7.51163e-008,-0.0027081
7.53163e-008,0.00171136
7.55163e-008,0.00392109
7.57163e-008,0.00171136
7.59163e-008,0.00171136
7.61163e-008,0.00171136
7.63163e-008,-0.000498374
7.65163e-008,0.00171136
7.67163e-008,-0.00491783
7.69163e-008,-0.0027081
7.71163e-008,0.00171136
7.73163e-008,0.00171136
7.75163e-008,-0.000498374
7.77163e-008,-0.000498374
7.79163e-008,0.00171136
7.81163e-008,0.00171136
7.83163e-008,0.00171136
7.85163e-008,0.00171136
7.87163e-008,-0.00491783
7.89163e-008,-0.000498374
7.91163e-008,-0.000498374
7.93163e-008,-0.000498374
7.95163e-008,-0.000498374
7.97163e-008,-0.0027081
7.99163e-008,-0.0027081
8.01163e-008,-0.000498374
8.03163e-008,0.00171136
8.05163e-008,0.00171136
8.07163e-008,0.00171136
8.09163e-008,0.00392109
8.11163e-008,-0.000498374
8.13163e-008,-0.0027081
8.15163e-008,0.00171136
8.17163e-008,0.00171136
8.19163e-008,-0.000498374
8.21163e-008,-0.000498374
8.23163e-008,-0.000498374
8.25163e-008,-0.0027081
8.27163e-008,-0.0027081
8.29163e-008,-0.000498374
8.31163e-008,-0.000498374
8.33163e-008,-0.000498374
8.35163e-008,-0.000498374
8.37163e-008,-0.000498374
8.39163e-008,0.00171136
8.41163e-008,0.00171136
8.43163e-008,-0.0027081
8.45163e-008,-0.000498374
8.47163e-008,-0.000498374
8.49163e-008,-0.000498374
8.51163e-008,-0.000498374
8.53163e-008,0.00392109
8.55163e-008,-0.000498374
8.57163e-008,-0.0027081
8.59163e-008,-0.000498374
8.61163e-008,-0.000498374
8.63163e-008,0.00392109
8.65163e-008,0.00171136
8.67163e-008,-0.000498374
8.69163e-008,-0.000498374
8.71163e-008,-0.0027081
8.73163e-008,-0.000498374
8.75163e-008,-0.00491783
8.77163e-008,-0.00491783
8.79163e-008,-0.0027081
8.81163e-008,-0.000498374
8.83163e-008,0.00171136
8.85163e-008,0.00171136
8.87163e-008,0.00392109
8.89163e-008,-0.0027081
8.91163e-008,-0.000498374
8.93163e-008,-0.0027081
8.95163e-008,-0.0027081
8.97163e-008,-0.0027081
8.99163e-008,0.00171136
9.01163e-008,-0.00491783
9.03163e-008,0.00171136
9.05163e-008,-0.000498374
9.07163e-008,-0.000498374
9.09163e-008,0.00171136
9.11163e-008,-0.000498374
9.13163e-008,-0.0027081
9.15163e-008,0.00171136
9.17163e-008,0.00171136
9.19163e-008,0.00171136
9.21163e-008,-0.000498374
9.23163e-008,0.00171136
9.25163e-008,-0.0027081
9.27163e-008,0.00171136
9.29163e-008,-0.000498374
9.31163e-008,0.00392109
9.33163e-008,0.00171136
9.35163e-008,0.00171136
9.37163e-008,0.00171136
9.39163e-008,0.00171136
9.41163e-008,0.00392109
9.43163e-008,0.00392109
9.45163e-008,0.00171136
9.47163e-008,-0.0027081
9.49163e-008,-0.000498374
9.51163e-008,-0.000498374
9.53163e-008,-0.0027081
9.55163e-008,-0.0027081
9.57163e-008,-0.000498374
9.59163e-008,-0.000498374
9.61163e-008,0.00392109
9.63163e-008,-0.000498374
9.65163e-008,-0.000498374
9.67163e-008,-0.000498374
9.69163e-008,-0.000498374
9.71163e-008,-0.000498374
9.73163e-008,-0.0027081
9.75163e-008,-0.000498374
9.77163e-008,-0.000498374
9.79163e-008,0.00171136
9.81163e-008,-0.000498374
9.83163e-008,0.00171136
9.85163e-008,-0.0027081
9.87163e-008,-0.0027081
9.89163e-008,-0.000498374
9.91163e-008,0.00171136
9.93163e-008,-0.000498374
9.95163e-008,0.00171136
9.97163e-008,0.00171136
9.99163e-008,0.00834055
1.00116e-007,-0.000498374
1.00316e-007,-0.000498374
1.00516e-007,0.00392109
1.00716e-007,-0.000498374
1.00916e-007,-0.000498374
1.01116e-007,-0.000498374
1.01316e-007,0.00392109
1.01516e-007,-0.000498374
1.01716e-007,-0.000498374
1.01916e-007,-0.000498374
1.02116e-007,-0.000498374
1.02316e-007,-0.000498374
1.02516e-007,0.00392109
1.02716e-007,-0.0027081
1.02916e-007,0.00613082
1.03116e-007,-0.000498374
1.03316e-007,-0.0027081
1.03516e-007,-0.000498374
1.03716e-007,-0.0027081
1.03916e-007,0.00171136
1.04116e-007,0.00171136
1.04316e-007,0.00171136
1.04516e-007,0.00392109
1.04716e-007,0.00171136
1.04916e-007,0.00171136
1.05116e-007,0.00171136
1.05316e-007,-0.0027081
1.05516e-007,0.00171136
1.05716e-007,-0.000498374
1.05916e-007,-0.0027081
1.06116e-007,-0.000498374
1.06316e-007,0.00171136
1.06516e-007,-0.000498374
1.06716e-007,0.00171136
1.06916e-007,-0.000498374
1.07116e-007,-0.000498374
1.07316e-007,0.00171136
1.07516e-007,-0.000498374
1.07716e-007,-0.000498374
1.07916e-007,0.00171136
1.08116e-007,-0.000498374
1.08316e-007,-0.000498374
1.08516e-007,-0.0027081
1.08716e-007,-0.000498374
1.08916e-007,0.00171136
1.09116e-007,-0.000498374
1.09316e-007,0.00613082
1.09516e-007,0.00171136
1.09716e-007,-0.0027081
1.09916e-007,-0.00491783
1.10116e-007,-0.000498374
1.10316e-007,-0.000498374
1.10516e-007,0.00171136
1.10716e-007,-0.0027081
1.10916e-007,0.00392109
1.11116e-007,0.00171136
1.11316e-007,-0.0027081
1.11516e-007,-0.000498374
1.11716e-007,-0.000498374
1.11916e-007,0.00171136
1.12116e-007,0.00392109
1.12316e-007,-0.000498374
1.12516e-007,0.00392109
1.12716e-007,-0.0027081
1.12916e-007,-0.00491783
1.13116e-007,-0.000498374
1.13316e-007,-0.000498374
1.13516e-007,-0.000498374
1.13716e-007,0.00171136
1.13916e-007,-0.0027081
1.14116e-007,-0.0027081
1.14316e-007,-0.000498374
1.14516e-007,-0.000498374
1.14716e-007,-0.0027081
1.14916e-007,-0.0027081
1.15116e-007,-0.00491783
1.15316e-007,0.00171136
1.15516e-007,-0.000498374
1.15716e-007,-0.0027081
1.15916e-007,-0.0027081
1.16116e-007,0.00171136
1.16316e-007,-0.000498374
1.16516e-007,0.00392109
1.16716e-007,-0.000498374
1.16916e-007,0.00171136
1.17116e-007,0.00392109
1.17316e-007,-0.000498374
1.17516e-007,0.00171136
1.17716e-007,-0.000498374
1.17916e-007,0.00171136
1.18116e-007,-0.0027081
1.18316e-007,0.00392109
1.18516e-007,0.00834055
1.18716e-007,0.00171136
1.18916e-007,0.00171136
1.19116e-007,-0.000498374
1.19316e-007,0.00392109
1.19516e-007,0.00171136
1.19716e-007,-0.000498374
1.19916e-007,0.00171136
1.20116e-007,0.00171136
1.20316e-007,-0.000498374
1.20516e-007,0.00392109
1.20716e-007,-0.000498374
1.20916e-007,-0.000498374
1.21116e-007,0.00392109
1.21316e-007,0.00171136
1.21516e-007,0.00392109
1.21716e-007,-0.0027081
1.21916e-007,-0.000498374
1.22116e-007,0.00171136
1.22316e-007,0.00171136
1.22516e-007,-0.000498374
1.22716e-007,-0.0027081
1.22916e-007,-0.000498374
1.23116e-007,-0.0027081
1.23316e-007,-0.0027081
1.23516e-007,-0.000498374
1.23716e-007,0.00171136
1.23916e-007,-0.000498374
1.24116e-007,-0.000498374
1.24316e-007,0.00171136
1.24516e-007,-0.000498374
1.24716e-007,0.00171136
1.24916e-007,-0.0027081
1.25116e-007,0.00392109
1.25316e-007,0.00171136
1.25516e-007,-0.0027081
1.25716e-007,-0.000498374
1.25916e-007,-0.0027081
1.26116e-007,-0.000498374
1.26316e-007,-0.000498374
1.26516e-007,-0.000498374
1.26716e-007,-0.0027081
1.26916e-007,0.00171136
1.27116e-007,0.00392109
1.27316e-007,0.00392109
1.27516e-007,0.00171136
1.27716e-007,-0.000498374
1.27916e-007,0.00171136
1.28116e-007,-0.000498374
1.28316e-007,-0.000498374
1.28516e-007,-0.000498374
1.28716e-007,0.00392109
1.28916e-007,-0.000498374
1.29116e-007,0.00171136
1.29316e-007,0.00392109
1.29516e-007,-0.0027081
1.29716e-007,-0.000498374
1.29916e-007,-0.000498374
1.30116e-007,-0.0027081
1.30316e-007,-0.00491783
1.30516e-007,-0.00491783
1.30716e-007,-0.0027081
1.30916e-007,-0.000498374
1.31116e-007,0.00392109
1.31316e-007,-0.0027081
1.31516e-007,0.00171136
1.31716e-007,-0.0027081
1.31916e-007,0.00171136
1.32116e-007,0.00171136
1.32316e-007,0.00171136
1.32516e-007,0.00392109
1.32716e-007,0.00171136
1.32916e-007,0.00392109
1.33116e-007,-0.000498374
1.33316e-007,-0.000498374
1.33516e-007,-0.000498374
1.33716e-007,-0.000498374
1.33916e-007,-0.000498374
1.34116e-007,-0.000498374
1.34316e-007,-0.0027081
1.34516e-007,0.00171136
1.34716e-007,0.00392109
1.34916e-007,0.00171136
1.35116e-007,-0.000498374
1.35316e-007,-0.000498374
1.35516e-007,0.00171136
1.35716e-007,-0.0027081
1.35916e-007,-0.0027081
1.36116e-007,0.00171136
1.36316e-007,-0.000498374
1.36516e-007,0.00171136
1.36716e-007,0.00171136
1.36916e-007,-0.000498374
1.37116e-007,0.00171136
1.37316e-007,-0.000498374
1.37516e-007,-0.0027081
1.37716e-007,-0.0027081
1.37916e-007,0.00171136
1.38116e-007,-0.0027081
1.38316e-007,0.00171136
1.38516e-007,-0.00491783
1.38716e-007,-0.00491783
1.38916e-007,-0.0027081
1.39116e-007,-0.00491783
1.39316e-007,-0.0027081
1.39516e-007,-0.000498374
1.39716e-007,-0.000498374
1.39916e-007,0.00171136
1.40116e-007,0.00171136
1.40316e-007,0.00171136
1.40516e-007,0.00171136
1.40716e-007,0.00171136
1.40916e-007,-0.000498374
1.41116e-007,0.00171136
1.41316e-007,0.00613082
1.41516e-007,-0.000498374
1.41716e-007,0.00392109
1.41916e-007,0.00171136
1.42116e-007,-0.000498374
1.42316e-007,-0.00491783
1.42516e-007,-0.0027081
1.42716e-007,-0.000498374
1.42916e-007,-0.0027081
1.43116e-007,0.00392109
1.43316e-007,-0.000498374
1.43516e-007,0.00392109
1.43716e-007,0.00171136
1.43916e-007,-0.000498374
1.44116e-007,-0.000498374
1.44316e-007,0.00171136
1.44516e-007,-0.000498374
1.44716e-007,0.00392109
1.44916e-007,-0.000498374
1.45116e-007,-0.000498374
1.45316e-007,-0.000498374
1.45516e-007,0.00392109
1.45716e-007,-0.000498374
1.45916e-007,0.00171136
1.46116e-007,-0.000498374
1.46316e-007,-0.000498374
1.46516e-007,-0.0027081
1.46716e-007,-0.0027081
1.46916e-007,-0.000498374
1.47116e-007,-0.000498374
1.47316e-007,-0.000498374
1.47516e-007,-0.0027081
1.47716e-007,0.00171136
1.47916e-007,-0.0027081
1.48116e-007,-0.0027081
1.48316e-007,-0.000498374
1.48516e-007,-0.0027081
1.48716e-007,-0.0027081
1.48916e-007,-0.000498374
1.49116e-007,0.00171136
1.49316e-007,0.00392109
1.49516e-007,0.00171136
1.49716e-007,-0.000498374
1.49916e-007,-0.00491783
1.50116e-007,-0.000498374
1.50316e-007,0.00171136
1.50516e-007,0.00392109
1.50716e-007,-0.000498374
1.50916e-007,0.00171136
1.51116e-007,0.00613082
1.51316e-007,0.00171136
1.51516e-007,-0.0027081
1.51716e-007,-0.0027081
1.51916e-007,0.00171136
1.52116e-007,-0.000498374
1.52316e-007,-0.000498374
1.52516e-007,-0.000498374
1.52716e-007,-0.000498374
1.52916e-007,-0.0027081
1.53116e-007,-0.0027081
1.53316e-007,0.00171136
1.53516e-007,0.00171136
1.53716e-007,-0.000498374
1.53916e-007,-0.000498374
1.54116e-007,0.00171136
1.54316e-007,-0.0027081
1.54516e-007,-0.00491783
1.54716e-007,-0.0027081
1.54916e-007,-0.0027081
1.55116e-007,-0.0027081
1.55316e-007,-0.000498374
1.55516e-007,0.00171136
1.55716e-007,-0.0027081
1.55916e-007,-0.000498374
1.56116e-007,0.00171136
1.56316e-007,0.00392109
1.56516e-007,-0.0027081
1.56716e-007,0.00171136
1.56916e-007,-0.000498374
1.57116e-007,-0.000498374
1.57316e-007,-0.000498374
1.57516e-007,-0.0027081
1.57716e-007,-0.0027081
1.57916e-007,-0.0027081
1.58116e-007,0.00171136
1.58316e-007,-0.000498374
1.58516e-007,0.00171136
1.58716e-007,-0.000498374
1.58916e-007,0.00171136
1.59116e-007,0.00171136
1.59316e-007,-0.000498374
1.59516e-007,-0.000498374
1.59716e-007,-0.00491783
1.59916e-007,-0.000498374
1.60116e-007,-0.000498374
1.60316e-007,0.00392109
1.60516e-007,0.00171136
1.60716e-007,0.00171136
1.60916e-007,-0.0027081
1.61116e-007,-0.0027081
1.61316e-007,0.00171136
1.61516e-007,-0.000498374
1.61716e-007,0.00171136
1.61916e-007,0.00171136
1.62116e-007,-0.0027081
1.62316e-007,-0.0027081
1.62516e-007,-0.000498374
1.62716e-007,0.00171136
1.62916e-007,0.00613082
1.63116e-007,-0.0027081
1.63316e-007,-0.000498374
1.63516e-007,0.00171136
1.63716e-007,-0.000498374
1.63916e-007,-0.000498374
1.64116e-007,0.00171136
1.64316e-007,-0.000498374
1.64516e-007,0.00171136
1.64716e-007,0.00613082
1.64916e-007,0.00392109
1.65116e-007,0.00392109
1.65316e-007,-0.000498374
1.65516e-007,0.00171136
1.65716e-007,-0.000498374
1.65916e-007,-0.000498374
1.66116e-007,0.00171136
1.66316e-007,-0.000498374
1.66516e-007,-0.000498374
1.66716e-007,-0.0027081
1.66916e-007,-0.0027081
1.67116e-007,-0.00491783
1.67316e-007,-0.0027081
1.67516e-007,-0.0027081
1.67716e-007,0.00171136
1.67916e-007,-0.000498374
1.68116e-007,-0.0027081
1.68316e-007,0.00171136
1.68516e-007,-0.000498374
1.68716e-007,-0.000498374
1.68916e-007,-0.000498374
1.69116e-007,0.00171136
1.69316e-007,-0.0027081
1.69516e-007,-0.000498374
1.69716e-007,-0.000498374
1.69916e-007,-0.000498374
1.70116e-007,-0.000498374
1.70316e-007,-0.00491783
1.70516e-007,-0.0027081
1.70716e-007,-0.000498374
1.70916e-007,-0.000498374
1.71116e-007,0.00171136
1.71316e-007,-0.000498374
1.71516e-007,0.00171136
1.71716e-007,-0.0027081
1.71916e-007,0.00171136
1.72116e-007,0.00171136
1.72316e-007,-0.000498374
1.72516e-007,0.00171136
1.72716e-007,0.00392109
1.72916e-007,-0.000498374
1.73116e-007,-0.000498374
1.73316e-007,0.00392109
1.73516e-007,0.00171136
1.73716e-007,-0.0027081
1.73916e-007,-0.000498374
1.74116e-007,-0.000498374
1.74316e-007,-0.000498374
1.74516e-007,-0.0027081
1.74716e-007,0.00171136
1.74916e-007,-0.000498374
1.75116e-007,0.00392109
1.75316e-007,0.00392109
1.75516e-007,-0.000498374
1.75716e-007,-0.0027081
1.75916e-007,-0.0027081
1.76116e-007,-0.000498374
1.76316e-007,-0.000498374
1.76516e-007,-0.000498374
1.76716e-007,-0.000498374
1.76916e-007,-0.000498374
1.77116e-007,0.00171136
1.77316e-007,0.00171136
1.77516e-007,-0.000498374
1.77716e-007,0.00171136
1.77916e-007,0.00171136
1.78116e-007,-0.0027081
1.78316e-007,-0.0027081
1.78516e-007,-0.0027081
1.78716e-007,0.00171136
1.78916e-007,-0.00491783
1.79116e-007,-0.00491783
1.79316e-007,-0.0027081
1.79516e-007,-0.0027081
1.79716e-007,-0.0027081
1.79916e-007,-0.000498374
1.80116e-007,0.00171136
1.80316e-007,-0.0027081
1.80516e-007,-0.000498374
1.80716e-007,-0.000498374
1.80916e-007,-0.000498374
1.81116e-007,-0.000498374
1.81316e-007,-0.0027081
1.81516e-007,0.00171136
1.81716e-007,0.00171136
1.81916e-007,0.00171136
1.82116e-007,0.00171136
1.82316e-007,-0.000498374
1.82516e-007,-0.000498374
1.82716e-007,-0.000498374
1.82916e-007,-0.000498374
1.83116e-007,-0.00491783
1.83316e-007,-0.0027081
1.83516e-007,0.00392109
1.83716e-007,-0.000498374
1.83916e-007,-0.000498374
1.84116e-007,0.00171136
1.84316e-007,-0.000498374
1.84516e-007,-0.000498374
1.84716e-007,-0.000498374
1.84916e-007,0.00171136
1.85116e-007,0.00171136
1.85316e-007,0.00613082
1.85516e-007,0.00171136
1.85716e-007,-0.000498374
1.85916e-007,-0.000498374
1.86116e-007,-0.000498374
1.86316e-007,-0.000498374
1.86516e-007,-0.000498374
1.86716e-007,-0.0027081
1.86916e-007,-0.000498374
1.87116e-007,0.00392109
1.87316e-007,-0.000498374
1.87516e-007,-0.000498374
1.87716e-007,0.00392109
1.87916e-007,0.00392109
1.88116e-007,0.00171136
1.88316e-007,-0.000498374
1.88516e-007,0.00171136
1.88716e-007,-0.000498374
1.88916e-007,0.00171136
1.89116e-007,-0.000498374
1.89316e-007,0.00171136
1.89516e-007,-0.000498374
1.89716e-007,-0.00491783
1.89916e-007,-0.0027081
1.90116e-007,-0.0027081
1.90316e-007,0.00171136
1.90516e-007,-0.000498374
