LECROYWR6050,144,Waveform
Segments,1,SegmentSize,1002
Segment,TrigTime,TimeSinceSegment1
#1,17-Jan-2002 05:23:51,0                 
Time,Ampl
-9.64781e-009,0.00171136
-9.44781e-009,-0.000498374
-9.24781e-009,0.00171136
-9.04781e-009,-0.000498374
-8.84781e-009,0.00171136
-8.64781e-009,-0.000498374
-8.44781e-009,0.00171136
-8.24781e-009,0.00171136
-8.04781e-009,0.00171136
-7.84781e-009,-0.0027081
-7.64781e-009,0.00171136
-7.44781e-009,-0.0027081
-7.24781e-009,-0.0027081
-7.04781e-009,-0.0027081
-6.84781e-009,0.00171136
-6.64781e-009,0.00171136
-6.44781e-009,-0.0027081
-6.24781e-009,-0.0027081
-6.04781e-009,-0.0027081
-5.84781e-009,-0.000498374
-5.64781e-009,-0.00712756
-5.44781e-009,-0.0027081
-5.24781e-009,-0.0027081
-5.04781e-009,-0.0027081
-4.84781e-009,-0.000498374
-4.64781e-009,0.00171136
-4.44781e-009,-0.000498374
-4.24781e-009,0.00171136
-4.04781e-009,0.00171136
-3.84781e-009,0.00392109
-3.64781e-009,0.00392109
-3.44781e-009,-0.000498374
-3.24781e-009,-0.000498374
-3.04781e-009,-0.000498374
-2.84781e-009,-0.000498374
-2.64781e-009,-0.000498374
-2.44781e-009,-0.000498374
-2.24781e-009,-0.000498374
-2.04781e-009,0.00171136
-1.84781e-009,-0.000498374
-1.64781e-009,-0.0027081
-1.44781e-009,-0.000498374
-1.24781e-009,-0.000498374
-1.04781e-009,-0.00491783
-8.47813e-010,-0.0027081
-6.47813e-010,0.00171136
-4.47813e-010,0.00392109
-2.47813e-010,-0.00491783
-4.78126e-011,-0.0027081
1.52187e-010,-0.0027081
3.52187e-010,-0.000498374
5.52187e-010,-0.0027081
7.52187e-010,-0.00491783
9.52187e-010,0.00171136
1.15219e-009,-0.000498374
1.35219e-009,-0.0027081
1.55219e-009,-0.0027081
1.75219e-009,-0.0027081
1.95219e-009,-0.00491783
2.15219e-009,-0.0027081
2.35219e-009,-0.000498374
2.55219e-009,-0.000498374
2.75219e-009,-0.000498374
2.95219e-009,-0.000498374
3.15219e-009,-0.0027081
3.35219e-009,-0.0027081
3.55219e-009,0.00171136
3.75219e-009,-0.000498374
3.95219e-009,0.00171136
4.15219e-009,-0.000498374
4.35219e-009,-0.0027081
4.55219e-009,0.00392109
4.75219e-009,0.00392109
4.95219e-009,-0.0027081
5.15219e-009,-0.0027081
5.35219e-009,0.00171136
5.55219e-009,-0.000498374
5.75219e-009,-0.0027081
5.95219e-009,0.00171136
6.15219e-009,0.00171136
6.35219e-009,-0.000498374
6.55219e-009,-0.00491783
6.75219e-009,0.00171136
6.95219e-009,-0.000498374
7.15219e-009,0.00171136
7.35219e-009,-0.0027081
7.55219e-009,0.00171136
7.75219e-009,0.00171136
7.95219e-009,-0.000498374
8.15219e-009,-0.000498374
8.35219e-009,0.00171136
8.55219e-009,-0.0027081
8.75219e-009,-0.000498374
8.95219e-009,-0.0027081
9.15219e-009,-0.000498374
9.35219e-009,0.00171136
9.55219e-009,-0.000498374
9.75219e-009,-0.000498374
9.95219e-009,-0.0027081
1.01522e-008,-0.000498374
1.03522e-008,-0.0027081
1.05522e-008,0.00171136
1.07522e-008,-0.000498374
1.09522e-008,-0.000498374
1.11522e-008,0.00171136
1.13522e-008,-0.000498374
1.15522e-008,-0.0027081
1.17522e-008,0.00171136
1.19522e-008,0.00171136
1.21522e-008,0.00171136
1.23522e-008,-0.0027081
1.25522e-008,0.00171136
1.27522e-008,-0.000498374
1.29522e-008,0.00171136
1.31522e-008,-0.0027081
1.33522e-008,-0.000498374
1.35522e-008,-0.000498374
1.37522e-008,-0.00491783
1.39522e-008,0.00171136
1.41522e-008,-0.0027081
1.43522e-008,-0.00491783
1.45522e-008,-0.0027081
1.47522e-008,-0.0027081
1.49522e-008,-0.000498374
1.51522e-008,-0.000498374
1.53522e-008,0.00171136
1.55522e-008,0.00171136
1.57522e-008,0.00171136
1.59522e-008,-0.000498374
1.61522e-008,-0.0027081
1.63522e-008,0.00392109
1.65522e-008,-0.0027081
1.67522e-008,-0.000498374
1.69522e-008,-0.0027081
1.71522e-008,0.00171136
1.73522e-008,-0.000498374
1.75522e-008,-0.00491783
1.77522e-008,-0.0027081
1.79522e-008,-0.0027081
1.81522e-008,0.00392109
1.83522e-008,0.00392109
1.85522e-008,-0.000498374
1.87522e-008,-0.0027081
1.89522e-008,0.00392109
1.91522e-008,0.00392109
1.93522e-008,0.00392109
1.95522e-008,0.00171136
1.97522e-008,-0.000498374
1.99522e-008,-0.000498374
2.01522e-008,0.00171136
2.03522e-008,-0.0027081
2.05522e-008,0.00613082
2.07522e-008,0.00171136
2.09522e-008,-0.0027081
2.11522e-008,-0.000498374
2.13522e-008,-0.000498374
2.15522e-008,-0.0027081
2.17522e-008,-0.000498374
2.19522e-008,-0.0027081
2.21522e-008,-0.000498374
2.23522e-008,-0.000498374
2.25522e-008,0.00171136
2.27522e-008,-0.000498374
2.29522e-008,-0.0027081
2.31522e-008,-0.00491783
2.33522e-008,-0.00491783
2.35522e-008,-0.000498374
2.37522e-008,0.00171136
2.39522e-008,-0.000498374
2.41522e-008,-0.000498374
2.43522e-008,-0.000498374
2.45522e-008,0.00171136
2.47522e-008,-0.0027081
2.49522e-008,-0.000498374
2.51522e-008,-0.00491783
2.53522e-008,-0.0027081
2.55522e-008,-0.000498374
2.57522e-008,-0.0027081
2.59522e-008,-0.0027081
2.61522e-008,0.00171136
2.63522e-008,-0.0027081
2.65522e-008,-0.0027081
2.67522e-008,-0.0027081
2.69522e-008,0.00171136
2.71522e-008,0.00392109
2.73522e-008,0.00171136
2.75522e-008,0.00171136
2.77522e-008,0.00171136
2.79522e-008,0.00171136
2.81522e-008,-0.000498374
2.83522e-008,-0.000498374
2.85522e-008,-0.000498374
2.87522e-008,-0.0027081
2.89522e-008,-0.000498374
2.91522e-008,0.00171136
2.93522e-008,0.00171136
2.95522e-008,-0.000498374
2.97522e-008,0.00392109
2.99522e-008,0.00171136
3.01522e-008,-0.000498374
3.03522e-008,-0.0027081
3.05522e-008,-0.0027081
3.07522e-008,-0.000498374
3.09522e-008,-0.00491783
3.11522e-008,-0.0027081
3.13522e-008,-0.000498374
3.15522e-008,-0.0027081
3.17522e-008,-0.000498374
3.19522e-008,-0.0027081
3.21522e-008,-0.000498374
3.23522e-008,-0.0027081
3.25522e-008,0.00392109
3.27522e-008,-0.0027081
3.29522e-008,0.00392109
3.31522e-008,0.00171136
3.33522e-008,-0.000498374
3.35522e-008,-0.00933729
3.37522e-008,-0.0027081
3.39522e-008,-0.00712756
3.41522e-008,0.00171136
3.43522e-008,-0.000498374
3.45522e-008,0.00171136
3.47522e-008,-0.0027081
3.49522e-008,-0.000498374
3.51522e-008,0.00171136
3.53522e-008,-0.0027081
3.55522e-008,-0.0027081
3.57522e-008,-0.0027081
3.59522e-008,-0.0027081
3.61522e-008,-0.000498374
3.63522e-008,-0.000498374
3.65522e-008,0.00171136
3.67522e-008,0.00171136
3.69522e-008,-0.000498374
3.71522e-008,0.00392109
3.73522e-008,0.00171136
3.75522e-008,0.00392109
3.77522e-008,-0.000498374
3.79522e-008,-0.000498374
3.81522e-008,-0.000498374
3.83522e-008,-0.0027081
3.85522e-008,0.00392109
3.87522e-008,-0.000498374
3.89522e-008,-0.000498374
3.91522e-008,-0.0027081
3.93522e-008,0.00392109
3.95522e-008,-0.0027081
3.97522e-008,-0.0027081
3.99522e-008,-0.000498374
4.01522e-008,-0.00712756
4.03522e-008,-0.0027081
4.05522e-008,-0.000498374
4.07522e-008,-0.0027081
4.09522e-008,-0.000498374
4.11522e-008,-0.000498374
4.13522e-008,-0.00491783
4.15522e-008,-0.000498374
4.17522e-008,-0.00712756
4.19522e-008,-0.0027081
4.21522e-008,0.00171136
4.23522e-008,-0.000498374
4.25522e-008,-0.000498374
4.27522e-008,-0.0027081
4.29522e-008,0.00171136
4.31522e-008,-0.000498374
4.33522e-008,0.00392109
4.35522e-008,-0.000498374
4.37522e-008,0.00171136
4.39522e-008,0.00171136
4.41522e-008,0.00171136
4.43522e-008,-0.000498374
4.45522e-008,-0.000498374
4.47522e-008,-0.0027081
4.49522e-008,-0.0027081
4.51522e-008,-0.000498374
4.53522e-008,-0.000498374
4.55522e-008,-0.00491783
4.57522e-008,-0.000498374
4.59522e-008,0.00171136
4.61522e-008,-0.0027081
4.63522e-008,-0.0027081
4.65522e-008,-0.0027081
4.67522e-008,-0.000498374
4.69522e-008,0.00392109
4.71522e-008,-0.000498374
4.73522e-008,-0.000498374
4.75522e-008,-0.000498374
4.77522e-008,0.00171136
4.79522e-008,-0.000498374
4.81522e-008,0.00171136
4.83522e-008,0.00171136
4.85522e-008,-0.0027081
4.87522e-008,0.00171136
4.89522e-008,0.00171136
4.91522e-008,0.00171136
4.93522e-008,-0.000498374
4.95522e-008,-0.00491783
4.97522e-008,-0.000498374
4.99522e-008,-0.0027081
5.01522e-008,-0.000498374
5.03522e-008,-0.000498374
5.05522e-008,-0.000498374
5.07522e-008,0.00392109
5.09522e-008,0.00171136
5.11522e-008,-0.000498374
5.13522e-008,0.00171136
5.15522e-008,-0.000498374
5.17522e-008,-0.0027081
5.19522e-008,-0.00491783
5.21522e-008,-0.000498374
5.23522e-008,0.00392109
5.25522e-008,-0.000498374
5.27522e-008,-0.000498374
5.29522e-008,-0.00491783
5.31522e-008,-0.0027081
5.33522e-008,-0.000498374
5.35522e-008,-0.000498374
5.37522e-008,0.00171136
5.39522e-008,0.00171136
5.41522e-008,0.00392109
5.43522e-008,0.00392109
5.45522e-008,-0.0027081
5.47522e-008,-0.0027081
5.49522e-008,-0.00491783
5.51522e-008,-0.000498374
5.53522e-008,-0.000498374
5.55522e-008,-0.000498374
5.57522e-008,0.00171136
5.59522e-008,-0.000498374
5.61522e-008,-0.0027081
5.63522e-008,0.00171136
5.65522e-008,-0.000498374
5.67522e-008,0.00171136
5.69522e-008,-0.000498374
5.71522e-008,-0.000498374
5.73522e-008,-0.0027081
5.75522e-008,-0.000498374
5.77522e-008,0.00171136
5.79522e-008,-0.0027081
5.81522e-008,0.00171136
5.83522e-008,-0.000498374
5.85522e-008,-0.000498374
5.87522e-008,-0.00491783
5.89522e-008,-0.0027081
5.91522e-008,0.00171136
5.93522e-008,0.00171136
5.95522e-008,0.00392109
5.97522e-008,-0.000498374
5.99522e-008,0.00171136
6.01522e-008,0.00613082
6.03522e-008,0.00613082
6.05522e-008,0.00171136
6.07522e-008,0.00171136
6.09522e-008,0.00171136
6.11522e-008,0.00171136
6.13522e-008,-0.000498374
6.15522e-008,0.00171136
6.17522e-008,0.00171136
6.19522e-008,-0.0027081
6.21522e-008,-0.00491783
6.23522e-008,-0.000498374
6.25522e-008,0.00171136
6.27522e-008,-0.000498374
6.29522e-008,-0.0027081
6.31522e-008,-0.000498374
6.33522e-008,0.00171136
6.35522e-008,-0.000498374
6.37522e-008,0.00171136
6.39522e-008,0.00171136
6.41522e-008,-0.000498374
6.43522e-008,-0.000498374
6.45522e-008,-0.00491783
6.47522e-008,-0.0027081
6.49522e-008,-0.000498374
6.51522e-008,0.00392109
6.53522e-008,0.00392109
6.55522e-008,0.00171136
6.57522e-008,0.00392109
6.59522e-008,0.00392109
6.61522e-008,0.00392109
6.63522e-008,-0.0027081
6.65522e-008,-0.00491783
6.67522e-008,-0.000498374
6.69522e-008,-0.00712756
6.71522e-008,-0.00491783
6.73522e-008,-0.00491783
6.75522e-008,-0.0027081
6.77522e-008,-0.00491783
6.79522e-008,-0.000498374
6.81522e-008,0.00171136
6.83522e-008,0.00171136
6.85522e-008,0.00392109
6.87522e-008,0.00392109
6.89522e-008,0.00171136
6.91522e-008,0.00392109
6.93522e-008,0.00171136
6.95522e-008,-0.000498374
6.97522e-008,-0.000498374
6.99522e-008,-0.0027081
7.01522e-008,-0.0027081
7.03522e-008,-0.0027081
7.05522e-008,-0.0027081
7.07522e-008,-0.000498374
7.09522e-008,-0.0027081
7.11522e-008,-0.000498374
7.13522e-008,0.00171136
7.15522e-008,0.00392109
7.17522e-008,0.00392109
7.19522e-008,0.00392109
7.21522e-008,0.00834055
7.23522e-008,0.00392109
7.25522e-008,-0.000498374
7.27522e-008,-0.000498374
7.29522e-008,-0.000498374
7.31522e-008,-0.0027081
7.33522e-008,-0.0027081
7.35522e-008,-0.00491783
7.37522e-008,-0.0027081
7.39522e-008,-0.0027081
7.41522e-008,-0.0027081
7.43522e-008,-0.000498374
7.45522e-008,-0.000498374
7.47522e-008,0.00171136
7.49522e-008,0.00613082
7.51522e-008,0.00392109
7.53522e-008,0.00171136
7.55522e-008,-0.000498374
7.57522e-008,-0.00712756
7.59522e-008,-0.0027081
7.61522e-008,-0.00491783
7.63522e-008,-0.000498374
7.65522e-008,0.00171136
7.67522e-008,-0.000498374
7.69522e-008,0.00392109
7.71522e-008,0.00392109
7.73522e-008,0.00392109
7.75522e-008,-0.000498374
7.77522e-008,-0.000498374
7.79522e-008,-0.00491783
7.81522e-008,-0.000498374
7.83522e-008,-0.00491783
7.85522e-008,-0.0027081
7.87522e-008,0.00171136
7.89522e-008,0.00171136
7.91522e-008,-0.0027081
7.93522e-008,0.00392109
7.95522e-008,0.00171136
7.97522e-008,0.00171136
7.99522e-008,-0.0027081
8.01522e-008,0.00171136
8.03522e-008,-0.000498374
8.05522e-008,-0.0027081
8.07522e-008,-0.0027081
8.09522e-008,0.00171136
8.11522e-008,-0.0027081
8.13522e-008,-0.0027081
8.15522e-008,-0.00491783
8.17522e-008,-0.0027081
8.19522e-008,-0.0027081
8.21522e-008,0.00171136
8.23522e-008,0.00171136
8.25522e-008,-0.000498374
8.27522e-008,0.00171136
8.29522e-008,0.00392109
8.31522e-008,0.00392109
8.33522e-008,0.00171136
8.35522e-008,-0.0027081
8.37522e-008,0.00171136
8.39522e-008,0.00392109
8.41522e-008,-0.000498374
8.43522e-008,-0.000498374
8.45522e-008,0.00171136
8.47522e-008,-0.000498374
8.49522e-008,-0.00491783
8.51522e-008,-0.0027081
8.53522e-008,0.00171136
8.55522e-008,0.00171136
8.57522e-008,0.00171136
8.59522e-008,0.00171136
8.61522e-008,0.00171136
8.63522e-008,-0.000498374
8.65522e-008,-0.0027081
8.67522e-008,-0.0027081
8.69522e-008,-0.000498374
8.71522e-008,0.00171136
8.73522e-008,0.00171136
8.75522e-008,-0.0027081
8.77522e-008,-0.000498374
8.79522e-008,0.00171136
8.81522e-008,-0.000498374
8.83522e-008,-0.000498374
8.85522e-008,0.00171136
8.87522e-008,0.00171136
8.89522e-008,0.00171136
8.91522e-008,-0.000498374
8.93522e-008,0.00171136
8.95522e-008,-0.000498374
8.97522e-008,-0.000498374
8.99522e-008,-0.00491783
9.01522e-008,-0.0027081
9.03522e-008,-0.00491783
9.05522e-008,-0.000498374
9.07522e-008,-0.000498374
9.09522e-008,0.00171136
9.11522e-008,-0.000498374
9.13522e-008,0.00392109
9.15522e-008,0.00392109
9.17522e-008,0.00392109
9.19522e-008,-0.0027081
9.21522e-008,-0.000498374
9.23522e-008,0.00171136
9.25522e-008,-0.000498374
9.27522e-008,-0.0027081
9.29522e-008,-0.000498374
9.31522e-008,0.00392109
9.33522e-008,-0.000498374
9.35522e-008,0.00171136
9.37522e-008,-0.000498374
9.39522e-008,0.00171136
9.41522e-008,-0.0027081
9.43522e-008,-0.000498374
9.45522e-008,-0.00491783
9.47522e-008,-0.0027081
9.49522e-008,-0.0027081
9.51522e-008,-0.00491783
9.53522e-008,0.00171136
9.55522e-008,0.00392109
9.57522e-008,0.00171136
9.59522e-008,-0.000498374
9.61522e-008,0.00171136
9.63522e-008,-0.000498374
9.65522e-008,-0.000498374
9.67522e-008,-0.0027081
9.69522e-008,-0.000498374
9.71522e-008,-0.000498374
9.73522e-008,-0.0027081
9.75522e-008,-0.0027081
9.77522e-008,-0.00712756
9.79522e-008,-0.0027081
9.81522e-008,-0.0027081
9.83522e-008,0.00392109
9.85522e-008,-0.0027081
9.87522e-008,0.00171136
9.89522e-008,-0.0027081
9.91522e-008,-0.00491783
9.93522e-008,-0.000498374
9.95522e-008,-0.0027081
9.97522e-008,-0.000498374
9.99522e-008,-0.000498374
1.00152e-007,0.00613082
1.00352e-007,0.00392109
1.00552e-007,0.00171136
1.00752e-007,-0.000498374
1.00952e-007,-0.0027081
1.01152e-007,-0.000498374
1.01352e-007,0.00171136
1.01552e-007,-0.000498374
1.01752e-007,-0.0027081
1.01952e-007,-0.000498374
1.02152e-007,0.00171136
1.02352e-007,-0.000498374
1.02552e-007,0.00171136
1.02752e-007,0.00171136
1.02952e-007,-0.0027081
1.03152e-007,-0.000498374
1.03352e-007,0.00171136
1.03552e-007,-0.000498374
1.03752e-007,-0.0027081
1.03952e-007,-0.0027081
1.04152e-007,-0.000498374
1.04352e-007,-0.0027081
1.04552e-007,0.00171136
1.04752e-007,-0.000498374
1.04952e-007,-0.0027081
1.05152e-007,-0.000498374
1.05352e-007,0.00171136
1.05552e-007,-0.0027081
1.05752e-007,-0.0027081
1.05952e-007,-0.0027081
1.06152e-007,-0.000498374
1.06352e-007,-0.0027081
1.06552e-007,-0.00712756
1.06752e-007,-0.0027081
1.06952e-007,0.00171136
1.07152e-007,-0.000498374
1.07352e-007,0.00392109
1.07552e-007,-0.000498374
1.07752e-007,0.00171136
1.07952e-007,-0.000498374
1.08152e-007,-0.000498374
1.08352e-007,0.00392109
1.08552e-007,0.00171136
1.08752e-007,0.00171136
1.08952e-007,-0.000498374
1.09152e-007,0.00171136
1.09352e-007,0.00171136
1.09552e-007,0.00392109
1.09752e-007,-0.000498374
1.09952e-007,0.00171136
1.10152e-007,-0.000498374
1.10352e-007,-0.00491783
1.10552e-007,-0.0027081
1.10752e-007,-0.0027081
1.10952e-007,-0.0027081
1.11152e-007,-0.0027081
1.11352e-007,-0.000498374
1.11552e-007,-0.000498374
1.11752e-007,-0.000498374
1.11952e-007,-0.0027081
1.12152e-007,-0.0027081
1.12352e-007,0.00171136
1.12552e-007,-0.0027081
1.12752e-007,-0.0027081
1.12952e-007,-0.000498374
1.13152e-007,-0.000498374
1.13352e-007,-0.0027081
1.13552e-007,-0.000498374
1.13752e-007,-0.0027081
1.13952e-007,-0.0027081
1.14152e-007,0.00171136
1.14352e-007,-0.0027081
1.14552e-007,0.00171136
1.14752e-007,-0.000498374
1.14952e-007,0.00171136
1.15152e-007,-0.000498374
1.15352e-007,-0.000498374
1.15552e-007,0.00171136
1.15752e-007,-0.000498374
1.15952e-007,-0.000498374
1.16152e-007,-0.000498374
1.16352e-007,-0.000498374
1.16552e-007,0.00392109
1.16752e-007,0.00171136
1.16952e-007,-0.00491783
1.17152e-007,-0.0027081
1.17352e-007,-0.0027081
1.17552e-007,0.00171136
1.17752e-007,-0.000498374
1.17952e-007,0.00171136
1.18152e-007,0.00171136
1.18352e-007,-0.0027081
1.18552e-007,-0.0027081
1.18752e-007,-0.0027081
1.18952e-007,-0.000498374
1.19152e-007,0.00171136
1.19352e-007,-0.0027081
1.19552e-007,-0.000498374
1.19752e-007,0.00171136
1.19952e-007,-0.0027081
1.20152e-007,-0.0027081
1.20352e-007,-0.0027081
1.20552e-007,-0.000498374
1.20752e-007,0.00392109
1.20952e-007,-0.000498374
1.21152e-007,-0.0027081
1.21352e-007,-0.00491783
1.21552e-007,-0.00491783
1.21752e-007,-0.0027081
1.21952e-007,-0.0027081
1.22152e-007,0.00171136
1.22352e-007,0.00171136
1.22552e-007,-0.0027081
1.22752e-007,0.00171136
1.22952e-007,0.00392109
1.23152e-007,0.00392109
1.23352e-007,0.00171136
1.23552e-007,-0.000498374
1.23752e-007,0.00171136
1.23952e-007,0.00171136
1.24152e-007,0.00392109
1.24352e-007,0.00171136
1.24552e-007,-0.000498374
1.24752e-007,-0.00491783
1.24952e-007,0.00171136
1.25152e-007,-0.000498374
1.25352e-007,-0.00491783
1.25552e-007,-0.00491783
1.25752e-007,0.00171136
1.25952e-007,-0.000498374
1.26152e-007,-0.0027081
1.26352e-007,-0.0027081
1.26552e-007,-0.000498374
1.26752e-007,-0.0027081
1.26952e-007,-0.0027081
1.27152e-007,0.00171136
1.27352e-007,0.00171136
1.27552e-007,0.00171136
1.27752e-007,-0.000498374
1.27952e-007,-0.000498374
1.28152e-007,0.00171136
1.28352e-007,0.00171136
1.28552e-007,-0.000498374
1.28752e-007,-0.00491783
1.28952e-007,-0.0027081
1.29152e-007,-0.0027081
1.29352e-007,-0.000498374
1.29552e-007,-0.000498374
1.29752e-007,0.00171136
1.29952e-007,0.00392109
1.30152e-007,-0.000498374
1.30352e-007,-0.000498374
1.30552e-007,0.00171136
1.30752e-007,0.00171136
1.30952e-007,-0.00491783
1.31152e-007,-0.00491783
1.31352e-007,-0.000498374
1.31552e-007,-0.000498374
1.31752e-007,-0.0027081
1.31952e-007,-0.000498374
1.32152e-007,0.00171136
1.32352e-007,-0.0027081
1.32552e-007,0.00171136
1.32752e-007,-0.000498374
1.32952e-007,-0.0027081
1.33152e-007,-0.00491783
1.33352e-007,-0.000498374
1.33552e-007,0.00392109
1.33752e-007,-0.000498374
1.33952e-007,-0.000498374
1.34152e-007,-0.0027081
1.34352e-007,-0.0027081
1.34552e-007,-0.000498374
1.34752e-007,0.00392109
1.34952e-007,0.00171136
1.35152e-007,-0.000498374
1.35352e-007,0.00171136
1.35552e-007,0.00171136
1.35752e-007,-0.000498374
1.35952e-007,-0.000498374
1.36152e-007,-0.0027081
1.36352e-007,-0.000498374
1.36552e-007,-0.000498374
1.36752e-007,0.00171136
1.36952e-007,0.00392109
1.37152e-007,0.00171136
1.37352e-007,0.00171136
1.37552e-007,-0.0027081
1.37752e-007,-0.000498374
1.37952e-007,-0.0027081
1.38152e-007,0.00171136
1.38352e-007,-0.000498374
1.38552e-007,-0.000498374
1.38752e-007,-0.0027081
1.38952e-007,0.00171136
1.39152e-007,-0.000498374
1.39352e-007,0.00171136
1.39552e-007,0.00392109
1.39752e-007,0.00392109
1.39952e-007,-0.000498374
1.40152e-007,0.00171136
1.40352e-007,0.00171136
1.40552e-007,0.00171136
1.40752e-007,-0.0027081
1.40952e-007,-0.0027081
1.41152e-007,-0.000498374
1.41352e-007,-0.000498374
1.41552e-007,0.00171136
1.41752e-007,-0.000498374
1.41952e-007,0.00171136
1.42152e-007,-0.000498374
1.42352e-007,-0.000498374
1.42552e-007,0.00171136
1.42752e-007,-0.000498374
1.42952e-007,-0.000498374
1.43152e-007,-0.000498374
1.43352e-007,-0.0027081
1.43552e-007,-0.0027081
1.43752e-007,-0.0027081
1.43952e-007,-0.0027081
1.44152e-007,-0.0027081
1.44352e-007,-0.0027081
1.44552e-007,0.00392109
1.44752e-007,0.00171136
1.44952e-007,0.00392109
1.45152e-007,0.00613082
1.45352e-007,-0.000498374
1.45552e-007,-0.0027081
1.45752e-007,-0.000498374
1.45952e-007,-0.000498374
1.46152e-007,-0.000498374
1.46352e-007,0.00171136
1.46552e-007,-0.000498374
1.46752e-007,0.00171136
1.46952e-007,-0.000498374
1.47152e-007,-0.000498374
1.47352e-007,0.00392109
1.47552e-007,0.00171136
1.47752e-007,-0.000498374
1.47952e-007,0.00171136
1.48152e-007,0.00392109
1.48352e-007,0.00171136
1.48552e-007,0.00392109
1.48752e-007,0.00171136
1.48952e-007,-0.0027081
1.49152e-007,0.00171136
1.49352e-007,-0.000498374
1.49552e-007,-0.0027081
1.49752e-007,-0.00491783
1.49952e-007,-0.000498374
1.50152e-007,0.00171136
1.50352e-007,-0.000498374
1.50552e-007,0.00171136
1.50752e-007,-0.000498374
1.50952e-007,-0.000498374
1.51152e-007,-0.000498374
1.51352e-007,0.00171136
1.51552e-007,0.00171136
1.51752e-007,0.00171136
1.51952e-007,-0.000498374
1.52152e-007,-0.000498374
1.52352e-007,-0.000498374
1.52552e-007,-0.000498374
1.52752e-007,-0.000498374
1.52952e-007,-0.0027081
1.53152e-007,-0.000498374
1.53352e-007,0.00171136
1.53552e-007,0.00171136
1.53752e-007,-0.0027081
1.53952e-007,-0.000498374
1.54152e-007,-0.000498374
1.54352e-007,-0.000498374
1.54552e-007,-0.00491783
1.54752e-007,-0.000498374
1.54952e-007,-0.000498374
1.55152e-007,-0.000498374
1.55352e-007,0.00171136
1.55552e-007,-0.000498374
1.55752e-007,-0.000498374
1.55952e-007,0.00171136
1.56152e-007,0.00171136
1.56352e-007,0.00171136
1.56552e-007,-0.000498374
1.56752e-007,-0.000498374
1.56952e-007,-0.0027081
1.57152e-007,0.00171136
1.57352e-007,-0.000498374
1.57552e-007,-0.000498374
1.57752e-007,-0.0027081
1.57952e-007,-0.0027081
1.58152e-007,-0.00491783
1.58352e-007,-0.000498374
1.58552e-007,0.00392109
1.58752e-007,0.00171136
1.58952e-007,-0.0027081
1.59152e-007,0.00171136
1.59352e-007,-0.0027081
1.59552e-007,-0.0027081
1.59752e-007,-0.0027081
1.59952e-007,0.00171136
1.60152e-007,-0.000498374
1.60352e-007,0.00171136
1.60552e-007,-0.000498374
1.60752e-007,0.00171136
1.60952e-007,-0.000498374
1.61152e-007,-0.0027081
1.61352e-007,-0.000498374
1.61552e-007,-0.00491783
1.61752e-007,-0.000498374
1.61952e-007,-0.000498374
1.62152e-007,-0.0027081
1.62352e-007,-0.000498374
1.62552e-007,-0.0027081
1.62752e-007,-0.000498374
1.62952e-007,-0.0027081
1.63152e-007,-0.000498374
1.63352e-007,-0.0027081
1.63552e-007,0.00171136
1.63752e-007,0.00171136
1.63952e-007,0.00171136
1.64152e-007,0.00171136
1.64352e-007,0.00171136
1.64552e-007,0.00171136
1.64752e-007,-0.000498374
1.64952e-007,0.00171136
1.65152e-007,-0.000498374
1.65352e-007,-0.0027081
1.65552e-007,-0.0027081
1.65752e-007,-0.000498374
1.65952e-007,0.00171136
1.66152e-007,-0.000498374
1.66352e-007,-0.000498374
1.66552e-007,0.00171136
1.66752e-007,-0.000498374
1.66952e-007,-0.00491783
1.67152e-007,-0.0027081
1.67352e-007,0.00171136
1.67552e-007,-0.000498374
1.67752e-007,0.00171136
1.67952e-007,0.00171136
1.68152e-007,-0.000498374
1.68352e-007,-0.00491783
1.68552e-007,-0.000498374
1.68752e-007,0.00171136
1.68952e-007,0.00171136
1.69152e-007,0.00171136
1.69352e-007,0.00171136
1.69552e-007,0.00171136
1.69752e-007,-0.0027081
1.69952e-007,-0.0027081
1.70152e-007,0.00171136
1.70352e-007,0.00171136
1.70552e-007,-0.0027081
1.70752e-007,-0.00491783
1.70952e-007,0.00171136
1.71152e-007,-0.000498374
1.71352e-007,0.00171136
1.71552e-007,0.00171136
1.71752e-007,0.00171136
1.71952e-007,0.00171136
1.72152e-007,-0.0027081
1.72352e-007,0.00392109
1.72552e-007,0.00171136
1.72752e-007,-0.000498374
1.72952e-007,-0.0027081
1.73152e-007,-0.0027081
1.73352e-007,-0.0027081
1.73552e-007,-0.000498374
1.73752e-007,0.00171136
1.73952e-007,0.00171136
1.74152e-007,0.00171136
1.74352e-007,0.00171136
1.74552e-007,-0.000498374
1.74752e-007,-0.0027081
1.74952e-007,-0.000498374
1.75152e-007,0.00171136
1.75352e-007,0.00171136
1.75552e-007,0.00171136
1.75752e-007,0.00171136
1.75952e-007,0.00392109
1.76152e-007,0.00171136
1.76352e-007,-0.000498374
1.76552e-007,0.00392109
1.76752e-007,-0.000498374
1.76952e-007,-0.000498374
1.77152e-007,-0.00491783
1.77352e-007,-0.000498374
1.77552e-007,-0.0027081
1.77752e-007,-0.0027081
1.77952e-007,-0.0027081
1.78152e-007,-0.000498374
1.78352e-007,-0.000498374
1.78552e-007,0.00171136
1.78752e-007,-0.000498374
1.78952e-007,-0.000498374
1.79152e-007,-0.00491783
1.79352e-007,-0.0027081
1.79552e-007,0.00171136
1.79752e-007,0.00171136
1.79952e-007,0.00392109
1.80152e-007,0.00392109
1.80352e-007,0.00171136
1.80552e-007,-0.000498374
1.80752e-007,-0.000498374
1.80952e-007,-0.000498374
1.81152e-007,-0.000498374
1.81352e-007,0.00171136
1.81552e-007,-0.000498374
1.81752e-007,-0.0027081
1.81952e-007,-0.0027081
1.82152e-007,-0.000498374
1.82352e-007,-0.0027081
1.82552e-007,-0.00491783
1.82752e-007,-0.000498374
1.82952e-007,-0.000498374
1.83152e-007,-0.0027081
1.83352e-007,0.00171136
1.83552e-007,0.00171136
1.83752e-007,-0.000498374
1.83952e-007,-0.00491783
1.84152e-007,-0.000498374
1.84352e-007,-0.0027081
1.84552e-007,0.00171136
1.84752e-007,-0.0027081
1.84952e-007,-0.000498374
1.85152e-007,0.00171136
1.85352e-007,0.00171136
1.85552e-007,-0.000498374
1.85752e-007,-0.000498374
1.85952e-007,-0.000498374
1.86152e-007,-0.000498374
1.86352e-007,-0.000498374
1.86552e-007,-0.000498374
1.86752e-007,-0.000498374
1.86952e-007,-0.000498374
1.87152e-007,0.00171136
1.87352e-007,0.00392109
1.87552e-007,0.00171136
1.87752e-007,0.00171136
1.87952e-007,-0.000498374
1.88152e-007,-0.0027081
1.88352e-007,-0.000498374
1.88552e-007,0.00171136
1.88752e-007,-0.000498374
1.88952e-007,-0.000498374
1.89152e-007,-0.0027081
1.89352e-007,-0.000498374
1.89552e-007,-0.000498374
1.89752e-007,-0.000498374
1.89952e-007,-0.000498374
1.90152e-007,-0.0027081
1.90352e-007,-0.00491783
1.90552e-007,-0.000498374
