LECROYWR6050,144,Waveform
Segments,1,SegmentSize,1002
Segment,TrigTime,TimeSinceSegment1
#1,17-Jan-2002 05:23:57,0                 
Time,Ampl
-9.75952e-009,0.00171136
-9.55952e-009,-0.000498374
-9.35952e-009,0.00171136
-9.15952e-009,-0.0027081
-8.95952e-009,-0.000498374
-8.75952e-009,0.00171136
-8.55952e-009,0.00171136
-8.35952e-009,-0.000498374
-8.15952e-009,-0.000498374
-7.95952e-009,-0.0027081
-7.75952e-009,-0.0027081
-7.55952e-009,0.00171136
-7.35952e-009,-0.0027081
-7.15952e-009,0.00171136
-6.95952e-009,-0.00491783
-6.75952e-009,0.00171136
-6.55952e-009,-0.000498374
-6.35952e-009,-0.0027081
-6.15952e-009,-0.000498374
-5.95952e-009,0.00171136
-5.75952e-009,0.00171136
-5.55952e-009,-0.000498374
-5.35952e-009,0.00171136
-5.15952e-009,0.00171136
-4.95952e-009,-0.000498374
-4.75952e-009,-0.000498374
-4.55952e-009,-0.000498374
-4.35952e-009,0.00171136
-4.15952e-009,0.00171136
-3.95952e-009,0.00171136
-3.75952e-009,-0.0027081
-3.55952e-009,0.00171136
-3.35952e-009,-0.000498374
-3.15952e-009,0.00171136
-2.95952e-009,0.00171136
-2.75952e-009,-0.0027081
-2.55952e-009,-0.0027081
-2.35952e-009,-0.000498374
-2.15952e-009,-0.000498374
-1.95952e-009,0.00392109
-1.75952e-009,-0.000498374
-1.55952e-009,0.00171136
-1.35952e-009,0.00171136
-1.15952e-009,0.00392109
-9.59522e-010,0.00171136
-7.59522e-010,-0.000498374
-5.59522e-010,0.00392109
-3.59522e-010,0.00171136
-1.59522e-010,-0.0027081
4.04783e-011,-0.00491783
2.40478e-010,-0.00491783
4.40478e-010,-0.00491783
6.40478e-010,0.00171136
8.40478e-010,-0.0027081
1.04048e-009,-0.00491783
1.24048e-009,0.00171136
1.44048e-009,0.00171136
1.64048e-009,0.00171136
1.84048e-009,-0.000498374
2.04048e-009,0.00392109
2.24048e-009,0.00392109
2.44048e-009,-0.0027081
2.64048e-009,-0.000498374
2.84048e-009,0.00171136
3.04048e-009,-0.0027081
3.24048e-009,-0.000498374
3.44048e-009,-0.000498374
3.64048e-009,0.00171136
3.84048e-009,-0.000498374
4.04048e-009,-0.000498374
4.24048e-009,-0.0027081
4.44048e-009,0.00171136
4.64048e-009,-0.000498374
4.84048e-009,-0.000498374
5.04048e-009,-0.000498374
5.24048e-009,-0.00491783
5.44048e-009,-0.000498374
5.64048e-009,-0.000498374
5.84048e-009,-0.000498374
6.04048e-009,0.00392109
6.24048e-009,0.00171136
6.44048e-009,0.00171136
6.64048e-009,0.00171136
6.84048e-009,-0.000498374
7.04048e-009,0.00171136
7.24048e-009,0.00171136
7.44048e-009,-0.0027081
7.64048e-009,-0.000498374
7.84048e-009,-0.0027081
8.04048e-009,0.00171136
8.24048e-009,0.00171136
8.44048e-009,-0.000498374
8.64048e-009,-0.0027081
8.84048e-009,0.00171136
9.04048e-009,0.00171136
9.24048e-009,0.00171136
9.44048e-009,-0.000498374
9.64048e-009,0.00171136
9.84048e-009,-0.000498374
1.00405e-008,0.00171136
1.02405e-008,0.00171136
1.04405e-008,0.00171136
1.06405e-008,0.00392109
1.08405e-008,-0.0027081
1.10405e-008,-0.000498374
1.12405e-008,0.00171136
1.14405e-008,-0.0027081
1.16405e-008,-0.0027081
1.18405e-008,-0.0027081
1.20405e-008,-0.000498374
1.22405e-008,-0.000498374
1.24405e-008,0.00171136
1.26405e-008,-0.000498374
1.28405e-008,-0.000498374
1.30405e-008,0.00392109
1.32405e-008,0.00171136
1.34405e-008,-0.0027081
1.36405e-008,-0.0027081
1.38405e-008,0.00171136
1.40405e-008,-0.000498374
1.42405e-008,-0.000498374
1.44405e-008,0.00392109
1.46405e-008,-0.000498374
1.48405e-008,-0.0027081
1.50405e-008,0.00171136
1.52405e-008,-0.0027081
1.54405e-008,0.00171136
1.56405e-008,0.00171136
1.58405e-008,-0.0027081
1.60405e-008,-0.000498374
1.62405e-008,0.00171136
1.64405e-008,-0.000498374
1.66405e-008,-0.000498374
1.68405e-008,-0.000498374
1.70405e-008,-0.000498374
1.72405e-008,-0.0027081
1.74405e-008,0.00171136
1.76405e-008,-0.000498374
1.78405e-008,0.00171136
1.80405e-008,-0.000498374
1.82405e-008,0.00171136
1.84405e-008,0.00392109
1.86405e-008,0.00171136
1.88405e-008,0.00392109
1.90405e-008,-0.000498374
1.92405e-008,0.00171136
1.94405e-008,-0.000498374
1.96405e-008,0.00171136
1.98405e-008,-0.0027081
2.00405e-008,-0.0027081
2.02405e-008,-0.000498374
2.04405e-008,-0.000498374
2.06405e-008,-0.000498374
2.08405e-008,0.00171136
2.10405e-008,-0.000498374
2.12405e-008,-0.0027081
2.14405e-008,0.00171136
2.16405e-008,0.00392109
2.18405e-008,-0.000498374
2.20405e-008,0.00171136
2.22405e-008,0.00392109
2.24405e-008,0.00171136
2.26405e-008,-0.000498374
2.28405e-008,0.00171136
2.30405e-008,0.00171136
2.32405e-008,-0.0027081
2.34405e-008,0.00171136
2.36405e-008,-0.0027081
2.38405e-008,-0.0027081
2.40405e-008,-0.000498374
2.42405e-008,-0.0027081
2.44405e-008,-0.000498374
2.46405e-008,-0.0027081
2.48405e-008,-0.000498374
2.50405e-008,0.00171136
2.52405e-008,-0.0027081
2.54405e-008,0.00171136
2.56405e-008,-0.000498374
2.58405e-008,0.00171136
2.60405e-008,0.00392109
2.62405e-008,0.00392109
2.64405e-008,-0.0027081
2.66405e-008,0.00171136
2.68405e-008,0.00171136
2.70405e-008,-0.000498374
2.72405e-008,-0.0027081
2.74405e-008,-0.00491783
2.76405e-008,0.00171136
2.78405e-008,-0.0027081
2.80405e-008,-0.000498374
2.82405e-008,-0.000498374
2.84405e-008,-0.000498374
2.86405e-008,0.00171136
2.88405e-008,0.00171136
2.90405e-008,0.00171136
2.92405e-008,0.00171136
2.94405e-008,-0.000498374
2.96405e-008,0.00392109
2.98405e-008,0.00171136
3.00405e-008,-0.000498374
3.02405e-008,-0.0027081
3.04405e-008,-0.0027081
3.06405e-008,0.00171136
3.08405e-008,0.00171136
3.10405e-008,0.00171136
3.12405e-008,0.00392109
3.14405e-008,0.00392109
3.16405e-008,-0.0027081
3.18405e-008,-0.000498374
3.20405e-008,-0.00491783
3.22405e-008,-0.000498374
3.24405e-008,-0.00491783
3.26405e-008,-0.00491783
3.28405e-008,0.00171136
3.30405e-008,0.00171136
3.32405e-008,0.00171136
3.34405e-008,0.00171136
3.36405e-008,-0.000498374
3.38405e-008,-0.000498374
3.40405e-008,0.00171136
3.42405e-008,-0.000498374
3.44405e-008,0.00171136
3.46405e-008,0.00171136
3.48405e-008,0.00171136
3.50405e-008,-0.0027081
3.52405e-008,0.00171136
3.54405e-008,0.00171136
3.56405e-008,-0.000498374
3.58405e-008,-0.000498374
3.60405e-008,-0.0027081
3.62405e-008,-0.000498374
3.64405e-008,-0.0027081
3.66405e-008,-0.0027081
3.68405e-008,-0.0027081
3.70405e-008,0.00171136
3.72405e-008,-0.000498374
3.74405e-008,-0.0027081
3.76405e-008,0.00392109
3.78405e-008,0.00171136
3.80405e-008,0.00171136
3.82405e-008,-0.000498374
3.84405e-008,0.00171136
3.86405e-008,-0.000498374
3.88405e-008,-0.0027081
3.90405e-008,-0.000498374
3.92405e-008,-0.0027081
3.94405e-008,0.00171136
3.96405e-008,-0.0027081
3.98405e-008,0.00171136
4.00405e-008,-0.000498374
4.02405e-008,-0.000498374
4.04405e-008,0.00171136
4.06405e-008,-0.0027081
4.08405e-008,-0.000498374
4.10405e-008,0.00392109
4.12405e-008,0.00171136
4.14405e-008,-0.000498374
4.16405e-008,-0.000498374
4.18405e-008,0.00171136
4.20405e-008,0.00171136
4.22405e-008,-0.0027081
4.24405e-008,-0.000498374
4.26405e-008,-0.000498374
4.28405e-008,0.00171136
4.30405e-008,0.00171136
4.32405e-008,0.00171136
4.34405e-008,0.00171136
4.36405e-008,-0.000498374
4.38405e-008,-0.000498374
4.40405e-008,0.00392109
4.42405e-008,-0.000498374
4.44405e-008,0.00171136
4.46405e-008,-0.000498374
4.48405e-008,-0.000498374
4.50405e-008,0.00171136
4.52405e-008,0.00392109
4.54405e-008,-0.0027081
4.56405e-008,0.00171136
4.58405e-008,-0.000498374
4.60405e-008,-0.0027081
4.62405e-008,-0.000498374
4.64405e-008,-0.000498374
4.66405e-008,-0.0027081
4.68405e-008,0.00171136
4.70405e-008,-0.000498374
4.72405e-008,-0.0027081
4.74405e-008,-0.0027081
4.76405e-008,-0.000498374
4.78405e-008,-0.000498374
4.80405e-008,-0.00491783
4.82405e-008,-0.0027081
4.84405e-008,-0.00491783
4.86405e-008,-0.0027081
4.88405e-008,-0.000498374
4.90405e-008,-0.0027081
4.92405e-008,-0.0027081
4.94405e-008,-0.000498374
4.96405e-008,-0.000498374
4.98405e-008,-0.000498374
5.00405e-008,-0.0027081
5.02405e-008,0.00171136
5.04405e-008,0.00171136
5.06405e-008,0.00392109
5.08405e-008,0.00392109
5.10405e-008,-0.000498374
5.12405e-008,0.00392109
5.14405e-008,-0.0027081
5.16405e-008,-0.000498374
5.18405e-008,-0.0027081
5.20405e-008,0.00171136
5.22405e-008,-0.000498374
5.24405e-008,0.00171136
5.26405e-008,-0.000498374
5.28405e-008,0.00171136
5.30405e-008,-0.000498374
5.32405e-008,-0.0027081
5.34405e-008,0.00171136
5.36405e-008,-0.000498374
5.38405e-008,0.00171136
5.40405e-008,0.00171136
5.42405e-008,0.00171136
5.44405e-008,-0.0027081
5.46405e-008,-0.000498374
5.48405e-008,-0.000498374
5.50405e-008,-0.000498374
5.52405e-008,0.00613082
5.54405e-008,-0.000498374
5.56405e-008,0.00171136
5.58405e-008,-0.0027081
5.60405e-008,-0.0027081
5.62405e-008,-0.00491783
5.64405e-008,-0.000498374
5.66405e-008,-0.000498374
5.68405e-008,-0.000498374
5.70405e-008,-0.000498374
5.72405e-008,0.00171136
5.74405e-008,-0.000498374
5.76405e-008,-0.000498374
5.78405e-008,0.00392109
5.80405e-008,0.00171136
5.82405e-008,0.00171136
5.84405e-008,-0.0027081
5.86405e-008,0.00171136
5.88405e-008,0.00392109
5.90405e-008,0.00171136
5.92405e-008,-0.0027081
5.94405e-008,-0.00491783
5.96405e-008,-0.000498374
5.98405e-008,-0.0027081
6.00405e-008,-0.000498374
6.02405e-008,-0.000498374
6.04405e-008,-0.000498374
6.06405e-008,0.00171136
6.08405e-008,-0.0027081
6.10405e-008,-0.0027081
6.12405e-008,-0.0027081
6.14405e-008,-0.0027081
6.16405e-008,-0.0027081
6.18405e-008,-0.000498374
6.20405e-008,0.00171136
6.22405e-008,0.00171136
6.24405e-008,-0.000498374
6.26405e-008,0.00171136
6.28405e-008,0.00392109
6.30405e-008,0.00171136
6.32405e-008,-0.000498374
6.34405e-008,-0.0027081
6.36405e-008,-0.000498374
6.38405e-008,-0.000498374
6.40405e-008,-0.000498374
6.42405e-008,-0.0027081
6.44405e-008,-0.000498374
6.46405e-008,-0.00491783
6.48405e-008,-0.00491783
6.50405e-008,-0.000498374
6.52405e-008,-0.000498374
6.54405e-008,-0.000498374
6.56405e-008,0.00613082
6.58405e-008,0.00171136
6.60405e-008,0.00392109
6.62405e-008,0.00613082
6.64405e-008,0.00392109
6.66405e-008,0.00171136
6.68405e-008,-0.000498374
6.70405e-008,-0.000498374
6.72405e-008,-0.0027081
6.74405e-008,-0.00491783
6.76405e-008,-0.00491783
6.78405e-008,-0.0027081
6.80405e-008,-0.000498374
6.82405e-008,-0.000498374
6.84405e-008,-0.0027081
6.86405e-008,0.00171136
6.88405e-008,0.00392109
6.90405e-008,0.00392109
6.92405e-008,-0.0027081
6.94405e-008,0.00171136
6.96405e-008,-0.000498374
6.98405e-008,-0.0027081
7.00405e-008,0.00171136
7.02405e-008,-0.0027081
7.04405e-008,-0.00491783
7.06405e-008,-0.0027081
7.08405e-008,-0.0027081
7.10405e-008,-0.000498374
7.12405e-008,0.00171136
7.14405e-008,-0.000498374
7.16405e-008,0.00392109
7.18405e-008,0.00392109
7.20405e-008,-0.0027081
7.22405e-008,-0.000498374
7.24405e-008,-0.0027081
7.26405e-008,-0.0027081
7.28405e-008,-0.000498374
7.30405e-008,-0.000498374
7.32405e-008,-0.0027081
7.34405e-008,-0.000498374
7.36405e-008,-0.000498374
7.38405e-008,-0.000498374
7.40405e-008,0.00171136
7.42405e-008,0.00171136
7.44405e-008,0.00171136
7.46405e-008,0.00613082
7.48405e-008,0.00392109
7.50405e-008,0.00171136
7.52405e-008,-0.000498374
7.54405e-008,0.00171136
7.56405e-008,0.00171136
7.58405e-008,-0.000498374
7.60405e-008,-0.0027081
7.62405e-008,-0.00491783
7.64405e-008,-0.0027081
7.66405e-008,-0.000498374
7.68405e-008,-0.000498374
7.70405e-008,0.00171136
7.72405e-008,-0.000498374
7.74405e-008,0.00171136
7.76405e-008,0.00171136
7.78405e-008,0.00171136
7.80405e-008,0.00613082
7.82405e-008,-0.0027081
7.84405e-008,-0.0027081
7.86405e-008,-0.000498374
7.88405e-008,-0.000498374
7.90405e-008,-0.0027081
7.92405e-008,-0.0027081
7.94405e-008,-0.0027081
7.96405e-008,-0.000498374
7.98405e-008,-0.000498374
8.00405e-008,-0.0027081
8.02405e-008,0.00171136
8.04405e-008,0.00171136
8.06405e-008,0.00392109
8.08405e-008,0.00171136
8.10405e-008,-0.0027081
8.12405e-008,-0.000498374
8.14405e-008,-0.00491783
8.16405e-008,-0.0027081
8.18405e-008,-0.0027081
8.20405e-008,0.00171136
8.22405e-008,0.00171136
8.24405e-008,0.00171136
8.26405e-008,0.00171136
8.28405e-008,0.00171136
8.30405e-008,0.00171136
8.32405e-008,-0.000498374
8.34405e-008,0.00171136
8.36405e-008,-0.000498374
8.38405e-008,-0.000498374
8.40405e-008,-0.0027081
8.42405e-008,-0.0027081
8.44405e-008,-0.0027081
8.46405e-008,-0.000498374
8.48405e-008,-0.000498374
8.50405e-008,-0.0027081
8.52405e-008,0.00171136
8.54405e-008,0.00392109
8.56405e-008,0.00171136
8.58405e-008,0.00834055
8.60405e-008,0.00171136
8.62405e-008,0.00171136
8.64405e-008,-0.0027081
8.66405e-008,-0.000498374
8.68405e-008,-0.00491783
8.70405e-008,-0.00712756
8.72405e-008,-0.000498374
8.74405e-008,-0.000498374
8.76405e-008,-0.000498374
8.78405e-008,-0.000498374
8.80405e-008,-0.000498374
8.82405e-008,-0.000498374
8.84405e-008,0.00392109
8.86405e-008,-0.000498374
8.88405e-008,0.00171136
8.90405e-008,0.00171136
8.92405e-008,-0.0027081
8.94405e-008,0.00171136
8.96405e-008,-0.000498374
8.98405e-008,0.00171136
9.00405e-008,0.00392109
9.02405e-008,-0.00491783
9.04405e-008,-0.0027081
9.06405e-008,0.00171136
9.08405e-008,0.00171136
9.10405e-008,0.00171136
9.12405e-008,-0.0027081
9.14405e-008,-0.0027081
9.16405e-008,0.00171136
9.18405e-008,0.00171136
9.20405e-008,0.00171136
9.22405e-008,-0.000498374
9.24405e-008,0.00171136
9.26405e-008,0.00171136
9.28405e-008,0.00171136
9.30405e-008,0.00171136
9.32405e-008,0.00171136
9.34405e-008,-0.000498374
9.36405e-008,0.00171136
9.38405e-008,-0.000498374
9.40405e-008,0.00171136
9.42405e-008,-0.000498374
9.44405e-008,-0.0027081
9.46405e-008,-0.0027081
9.48405e-008,-0.0027081
9.50405e-008,-0.0027081
9.52405e-008,-0.0027081
9.54405e-008,-0.000498374
9.56405e-008,0.00171136
9.58405e-008,-0.000498374
9.60405e-008,-0.0027081
9.62405e-008,-0.00491783
9.64405e-008,-0.0027081
9.66405e-008,-0.000498374
9.68405e-008,-0.000498374
9.70405e-008,-0.000498374
9.72405e-008,-0.000498374
9.74405e-008,-0.000498374
9.76405e-008,0.00171136
9.78405e-008,-0.0027081
9.80405e-008,-0.0027081
9.82405e-008,-0.00491783
9.84405e-008,-0.0027081
9.86405e-008,0.00392109
9.88405e-008,0.00171136
9.90405e-008,-0.000498374
9.92405e-008,-0.000498374
9.94405e-008,0.00171136
9.96405e-008,0.00171136
9.98405e-008,0.00171136
1.0004e-007,0.00171136
1.0024e-007,-0.0027081
1.0044e-007,-0.000498374
1.0064e-007,-0.0027081
1.0084e-007,-0.0027081
1.0104e-007,-0.000498374
1.0124e-007,-0.0027081
1.0144e-007,-0.00712756
1.0164e-007,-0.00491783
1.0184e-007,-0.000498374
1.0204e-007,-0.00491783
1.0224e-007,-0.000498374
1.0244e-007,-0.0027081
1.0264e-007,0.00613082
1.0284e-007,-0.000498374
1.0304e-007,-0.0027081
1.0324e-007,-0.0027081
1.0344e-007,-0.000498374
1.0364e-007,-0.0027081
1.0384e-007,-0.00491783
1.0404e-007,-0.0027081
1.0424e-007,-0.0027081
1.0444e-007,-0.000498374
1.0464e-007,0.00171136
1.0484e-007,-0.0027081
1.0504e-007,-0.000498374
1.0524e-007,-0.000498374
1.0544e-007,-0.0027081
1.0564e-007,0.00171136
1.0584e-007,-0.000498374
1.0604e-007,-0.000498374
1.0624e-007,0.00171136
1.0644e-007,-0.0027081
1.0664e-007,0.00392109
1.0684e-007,0.00171136
1.0704e-007,-0.000498374
1.0724e-007,-0.00491783
1.0744e-007,-0.0027081
1.0764e-007,-0.000498374
1.0784e-007,-0.000498374
1.0804e-007,0.00392109
1.0824e-007,-0.000498374
1.0844e-007,0.00171136
1.0864e-007,0.00613082
1.0884e-007,0.00171136
1.0904e-007,-0.000498374
1.0924e-007,0.00171136
1.0944e-007,0.00171136
1.0964e-007,-0.000498374
1.0984e-007,0.00171136
1.1004e-007,-0.000498374
1.1024e-007,-0.0027081
1.1044e-007,0.00171136
1.1064e-007,-0.0027081
1.1084e-007,0.00171136
1.1104e-007,0.00171136
1.1124e-007,-0.000498374
1.1144e-007,0.00171136
1.1164e-007,-0.000498374
1.1184e-007,-0.000498374
1.1204e-007,-0.0027081
1.1224e-007,-0.000498374
1.1244e-007,-0.000498374
1.1264e-007,-0.000498374
1.1284e-007,-0.000498374
1.1304e-007,0.00171136
1.1324e-007,-0.000498374
1.1344e-007,0.00392109
1.1364e-007,0.00171136
1.1384e-007,0.00171136
1.1404e-007,-0.000498374
1.1424e-007,-0.000498374
1.1444e-007,-0.000498374
1.1464e-007,0.00171136
1.1484e-007,-0.0027081
1.1504e-007,-0.000498374
1.1524e-007,-0.0027081
1.1544e-007,-0.000498374
1.1564e-007,0.00171136
1.1584e-007,0.00171136
1.1604e-007,-0.000498374
1.1624e-007,0.00171136
1.1644e-007,-0.000498374
1.1664e-007,-0.000498374
1.1684e-007,0.00171136
1.1704e-007,-0.000498374
1.1724e-007,-0.000498374
1.1744e-007,0.00171136
1.1764e-007,-0.000498374
1.1784e-007,-0.0027081
1.1804e-007,0.00171136
1.1824e-007,0.00171136
1.1844e-007,-0.000498374
1.1864e-007,-0.000498374
1.1884e-007,0.00171136
1.1904e-007,-0.000498374
1.1924e-007,0.00171136
1.1944e-007,0.00171136
1.1964e-007,-0.000498374
1.1984e-007,-0.0027081
1.2004e-007,-0.0027081
1.2024e-007,-0.000498374
1.2044e-007,-0.000498374
1.2064e-007,0.00171136
1.2084e-007,0.00171136
1.2104e-007,-0.000498374
1.2124e-007,-0.000498374
1.2144e-007,0.00171136
1.2164e-007,-0.000498374
1.2184e-007,-0.0027081
1.2204e-007,0.00171136
1.2224e-007,-0.000498374
1.2244e-007,0.00171136
1.2264e-007,0.00392109
1.2284e-007,0.00171136
1.2304e-007,0.00392109
1.2324e-007,0.00171136
1.2344e-007,-0.0027081
1.2364e-007,0.00171136
1.2384e-007,0.00171136
1.2404e-007,-0.000498374
1.2424e-007,-0.000498374
1.2444e-007,-0.000498374
1.2464e-007,-0.0027081
1.2484e-007,0.00171136
1.2504e-007,-0.0027081
1.2524e-007,-0.0027081
1.2544e-007,-0.0027081
1.2564e-007,0.00171136
1.2584e-007,0.00392109
1.2604e-007,0.00171136
1.2624e-007,-0.000498374
1.2644e-007,-0.00491783
1.2664e-007,-0.000498374
1.2684e-007,-0.000498374
1.2704e-007,-0.0027081
1.2724e-007,-0.0027081
1.2744e-007,-0.0027081
1.2764e-007,0.00171136
1.2784e-007,-0.0027081
1.2804e-007,-0.000498374
1.2824e-007,0.00171136
1.2844e-007,-0.00491783
1.2864e-007,-0.0027081
1.2884e-007,-0.0027081
1.2904e-007,-0.000498374
1.2924e-007,-0.000498374
1.2944e-007,0.00392109
1.2964e-007,0.00613082
1.2984e-007,0.00392109
1.3004e-007,-0.0027081
1.3024e-007,0.00171136
1.3044e-007,0.00392109
1.3064e-007,0.00171136
1.3084e-007,-0.000498374
1.3104e-007,-0.000498374
1.3124e-007,0.00171136
1.3144e-007,-0.000498374
1.3164e-007,0.00171136
1.3184e-007,-0.000498374
1.3204e-007,-0.000498374
1.3224e-007,0.00392109
1.3244e-007,0.00613082
1.3264e-007,-0.000498374
1.3284e-007,-0.000498374
1.3304e-007,0.00171136
1.3324e-007,0.00171136
1.3344e-007,0.00171136
1.3364e-007,0.00171136
1.3384e-007,-0.000498374
1.3404e-007,0.00392109
1.3424e-007,0.00171136
1.3444e-007,0.00171136
1.3464e-007,0.00171136
1.3484e-007,-0.000498374
1.3504e-007,0.00171136
1.3524e-007,-0.000498374
1.3544e-007,-0.0027081
1.3564e-007,0.00171136
1.3584e-007,-0.00491783
1.3604e-007,-0.000498374
1.3624e-007,-0.000498374
1.3644e-007,-0.000498374
1.3664e-007,-0.000498374
1.3684e-007,-0.0027081
1.3704e-007,-0.000498374
1.3724e-007,-0.000498374
1.3744e-007,-0.000498374
1.3764e-007,-0.000498374
1.3784e-007,0.00392109
1.3804e-007,0.00171136
1.3824e-007,0.00171136
1.3844e-007,-0.000498374
1.3864e-007,0.00171136
1.3884e-007,0.00171136
1.3904e-007,-0.0027081
1.3924e-007,-0.000498374
1.3944e-007,-0.0027081
1.3964e-007,-0.0027081
1.3984e-007,-0.0027081
1.4004e-007,-0.0027081
1.4024e-007,-0.0027081
1.4044e-007,0.00171136
1.4064e-007,-0.000498374
1.4084e-007,-0.0027081
1.4104e-007,-0.000498374
1.4124e-007,-0.0027081
1.4144e-007,0.00171136
1.4164e-007,0.00171136
1.4184e-007,0.00171136
1.4204e-007,0.00171136
1.4224e-007,0.00613082
1.4244e-007,0.00171136
1.4264e-007,0.00171136
1.4284e-007,0.00613082
1.4304e-007,0.00613082
1.4324e-007,-0.000498374
1.4344e-007,0.00171136
1.4364e-007,-0.0027081
1.4384e-007,-0.0027081
1.4404e-007,-0.0027081
1.4424e-007,-0.00491783
1.4444e-007,-0.00491783
1.4464e-007,-0.0027081
1.4484e-007,-0.00491783
1.4504e-007,0.00171136
1.4524e-007,-0.000498374
1.4544e-007,-0.000498374
1.4564e-007,0.00171136
1.4584e-007,0.00171136
1.4604e-007,-0.0027081
1.4624e-007,-0.000498374
1.4644e-007,0.00171136
1.4664e-007,0.00613082
1.4684e-007,0.00392109
1.4704e-007,-0.000498374
1.4724e-007,-0.000498374
1.4744e-007,-0.0027081
1.4764e-007,-0.000498374
1.4784e-007,0.00171136
1.4804e-007,-0.000498374
1.4824e-007,0.00171136
1.4844e-007,0.00171136
1.4864e-007,-0.00491783
1.4884e-007,-0.00491783
1.4904e-007,-0.000498374
1.4924e-007,0.00171136
1.4944e-007,-0.0027081
1.4964e-007,-0.000498374
1.4984e-007,-0.000498374
1.5004e-007,0.00171136
1.5024e-007,-0.0027081
1.5044e-007,-0.000498374
1.5064e-007,0.00171136
1.5084e-007,-0.000498374
1.5104e-007,-0.0027081
1.5124e-007,0.00171136
1.5144e-007,-0.000498374
1.5164e-007,-0.0027081
1.5184e-007,-0.00491783
1.5204e-007,-0.000498374
1.5224e-007,-0.00491783
1.5244e-007,-0.0027081
1.5264e-007,-0.000498374
1.5284e-007,0.00171136
1.5304e-007,-0.000498374
1.5324e-007,0.00171136
1.5344e-007,0.00171136
1.5364e-007,-0.000498374
1.5384e-007,0.00171136
1.5404e-007,-0.0027081
1.5424e-007,-0.000498374
1.5444e-007,-0.000498374
1.5464e-007,0.00171136
1.5484e-007,-0.000498374
1.5504e-007,0.00171136
1.5524e-007,0.00392109
1.5544e-007,-0.000498374
1.5564e-007,-0.000498374
1.5584e-007,-0.0027081
1.5604e-007,-0.000498374
1.5624e-007,-0.0027081
1.5644e-007,0.00171136
1.5664e-007,-0.000498374
1.5684e-007,0.00171136
1.5704e-007,0.00171136
1.5724e-007,-0.00491783
1.5744e-007,-0.000498374
1.5764e-007,0.00171136
1.5784e-007,0.00392109
1.5804e-007,0.00392109
1.5824e-007,0.00171136
1.5844e-007,0.00171136
1.5864e-007,-0.000498374
1.5884e-007,0.00171136
1.5904e-007,-0.0027081
1.5924e-007,-0.000498374
1.5944e-007,-0.0027081
1.5964e-007,-0.0027081
1.5984e-007,-0.0027081
1.6004e-007,-0.0027081
1.6024e-007,-0.0027081
1.6044e-007,-0.0027081
1.6064e-007,-0.00491783
1.6084e-007,-0.000498374
1.6104e-007,0.00171136
1.6124e-007,-0.000498374
1.6144e-007,-0.0027081
1.6164e-007,0.00171136
1.6184e-007,-0.000498374
1.6204e-007,-0.000498374
1.6224e-007,-0.000498374
1.6244e-007,-0.0027081
1.6264e-007,-0.000498374
1.6284e-007,-0.000498374
1.6304e-007,-0.0027081
1.6324e-007,0.00392109
1.6344e-007,0.00171136
1.6364e-007,-0.000498374
1.6384e-007,-0.000498374
1.6404e-007,0.00392109
1.6424e-007,-0.000498374
1.6444e-007,-0.0027081
1.6464e-007,-0.000498374
1.6484e-007,-0.0027081
1.6504e-007,-0.000498374
1.6524e-007,0.00392109
1.6544e-007,-0.000498374
1.6564e-007,-0.000498374
1.6584e-007,-0.000498374
1.6604e-007,0.00171136
1.6624e-007,-0.0027081
1.6644e-007,0.00171136
1.6664e-007,0.00171136
1.6684e-007,0.00171136
1.6704e-007,-0.0027081
1.6724e-007,-0.000498374
1.6744e-007,-0.0027081
1.6764e-007,-0.0027081
1.6784e-007,-0.00491783
1.6804e-007,-0.0027081
1.6824e-007,-0.00491783
1.6844e-007,-0.00712756
1.6864e-007,-0.0027081
1.6884e-007,-0.00491783
1.6904e-007,-0.0027081
1.6924e-007,-0.00712756
1.6944e-007,-0.0027081
1.6964e-007,0.00392109
1.6984e-007,-0.0027081
1.7004e-007,0.00171136
1.7024e-007,-0.000498374
1.7044e-007,0.00392109
1.7064e-007,0.00171136
1.7084e-007,0.00171136
1.7104e-007,-0.000498374
1.7124e-007,-0.000498374
1.7144e-007,-0.0027081
1.7164e-007,0.00171136
1.7184e-007,-0.0027081
1.7204e-007,-0.0027081
1.7224e-007,0.00171136
1.7244e-007,-0.0027081
1.7264e-007,0.00171136
1.7284e-007,-0.0027081
1.7304e-007,-0.0027081
1.7324e-007,-0.0027081
1.7344e-007,0.00171136
1.7364e-007,-0.000498374
1.7384e-007,-0.0027081
1.7404e-007,0.00171136
1.7424e-007,0.00171136
1.7444e-007,0.00171136
1.7464e-007,0.00171136
1.7484e-007,0.00171136
1.7504e-007,-0.000498374
1.7524e-007,-0.0027081
1.7544e-007,-0.000498374
1.7564e-007,-0.0027081
1.7584e-007,-0.0027081
1.7604e-007,-0.00491783
1.7624e-007,-0.00491783
1.7644e-007,0.00171136
1.7664e-007,0.00171136
1.7684e-007,0.00392109
1.7704e-007,-0.000498374
1.7724e-007,-0.0027081
1.7744e-007,0.00171136
1.7764e-007,0.00171136
1.7784e-007,-0.000498374
1.7804e-007,-0.000498374
1.7824e-007,-0.000498374
1.7844e-007,-0.000498374
1.7864e-007,0.00171136
1.7884e-007,-0.000498374
1.7904e-007,-0.000498374
1.7924e-007,0.00171136
1.7944e-007,-0.00491783
1.7964e-007,-0.0027081
1.7984e-007,-0.00491783
1.8004e-007,-0.000498374
1.8024e-007,0.00171136
1.8044e-007,-0.000498374
1.8064e-007,-0.0027081
1.8084e-007,0.00171136
1.8104e-007,-0.000498374
1.8124e-007,0.00171136
1.8144e-007,-0.000498374
1.8164e-007,-0.000498374
1.8184e-007,0.00171136
1.8204e-007,-0.000498374
1.8224e-007,-0.000498374
1.8244e-007,-0.0027081
1.8264e-007,-0.000498374
1.8284e-007,-0.000498374
1.8304e-007,-0.00491783
1.8324e-007,-0.0027081
1.8344e-007,-0.000498374
1.8364e-007,-0.000498374
1.8384e-007,-0.00491783
1.8404e-007,-0.000498374
1.8424e-007,-0.000498374
1.8444e-007,0.00392109
1.8464e-007,-0.000498374
1.8484e-007,0.00392109
1.8504e-007,-0.000498374
1.8524e-007,-0.000498374
1.8544e-007,0.00171136
1.8564e-007,-0.000498374
1.8584e-007,0.00171136
1.8604e-007,0.00613082
1.8624e-007,0.00392109
1.8644e-007,0.00392109
1.8664e-007,0.00392109
1.8684e-007,0.00613082
1.8704e-007,-0.000498374
1.8724e-007,-0.0027081
1.8744e-007,-0.0027081
1.8764e-007,-0.000498374
1.8784e-007,-0.0027081
1.8804e-007,-0.0027081
1.8824e-007,-0.0027081
1.8844e-007,-0.000498374
1.8864e-007,0.00171136
1.8884e-007,0.00171136
1.8904e-007,-0.000498374
1.8924e-007,-0.0027081
1.8944e-007,-0.000498374
1.8964e-007,-0.000498374
1.8984e-007,-0.0027081
1.9004e-007,-0.000498374
1.9024e-007,0.00392109
1.9044e-007,0.00392109
