Dark scan Region 3_ before change of range
Range Instrument 1 Keithley B: 200 pA
Range Instrument 2 Keithley A: 20 nA
Range Instrument 3 Keithley C: 200 pA
Relative Time (msec)	Photon Energy	Var_1	Var_2	Keithley B	Keithley A	Keithley C	
________________________________________________________________________________

5.51058200E+6	2.80000000E+2	-5.00000000E+0	0.00000000E+0	-4.21100000E-13	-4.60000000E-13	-1.10500000E-12	     NaN
5.51672700E+6	2.80000000E+2	-5.00000000E+0	0.00000000E+0	-3.64700000E-13	-4.30000000E-13	-1.10280000E-12	     NaN
5.52287300E+6	2.80000000E+2	-5.00000000E+0	0.00000000E+0	-3.34500000E-13	-4.20000000E-13	-1.10650000E-12	     NaN
5.52902100E+6	2.80000000E+2	-5.00000000E+0	0.00000000E+0	-2.98700000E-13	-4.20000000E-13	-1.10360000E-12	     NaN
5.53516700E+6	2.80000000E+2	-5.00000000E+0	0.00000000E+0	-2.63400000E-13	-3.90000000E-13	-1.10620000E-12	     NaN
5.54131400E+6	2.80000000E+2	-5.00000000E+0	0.00000000E+0	-2.56400000E-13	-4.10000000E-13	-1.10570000E-12	     NaN
5.54745200E+6	2.80000000E+2	-5.00000000E+0	0.00000000E+0	-2.45000000E-13	-3.90000000E-13	-1.09900000E-12	     NaN
5.55358900E+6	2.80000000E+2	-5.00000000E+0	0.00000000E+0	-2.30900000E-13	-4.00000000E-13	-1.10100000E-12	     NaN
5.55972900E+6	2.80000000E+2	-5.00000000E+0	0.00000000E+0	-2.15900000E-13	-3.90000000E-13	-1.10590000E-12	     NaN
5.56587100E+6	2.80000000E+2	-5.00000000E+0	0.00000000E+0	-2.08100000E-13	-4.00000000E-13	-1.10410000E-12	     NaN
5.57201800E+6	2.80000000E+2	-5.00000000E+0	0.00000000E+0	-1.84200000E-13	-3.80000000E-13	-1.09860000E-12	     NaN
