Dark scan Region 3_ after change
Range Instrument 1 Keithley B: 200 pA
Range Instrument 2 Keithley A: 20 nA
Range Instrument 3 Keithley C: 200 pA
Relative Time (msec)	Photon Energy	Var_1	Var_2	Keithley B	Keithley A	Keithley C	
________________________________________________________________________________

5.64321300E+6	2.80000000E+2	-4.10000000E+0	0.00000000E+0	-1.22000000E-13	-3.60000000E-13	-1.08150000E-12	     NaN
5.64935500E+6	2.80000000E+2	-4.10000000E+0	0.00000000E+0	-1.17700000E-13	-3.60000000E-13	-1.08640000E-12	     NaN
5.65550200E+6	2.80000000E+2	-4.10000000E+0	0.00000000E+0	-1.16000000E-13	-3.80000000E-13	-1.08280000E-12	     NaN
5.66164400E+6	2.80000000E+2	-4.10000000E+0	0.00000000E+0	-1.14900000E-13	-3.90000000E-13	-1.08350000E-12	     NaN
5.66778100E+6	2.80000000E+2	-4.10000000E+0	0.00000000E+0	-1.08200000E-13	-3.80000000E-13	-1.08390000E-12	     NaN
5.67391900E+6	2.80000000E+2	-4.10000000E+0	0.00000000E+0	-1.09000000E-13	-3.60000000E-13	-1.07730000E-12	     NaN
5.68005900E+6	2.80000000E+2	-4.10000000E+0	0.00000000E+0	-1.10700000E-13	-3.80000000E-13	-1.08470000E-12	     NaN
5.68620000E+6	2.80000000E+2	-4.10000000E+0	0.00000000E+0	-1.08600000E-13	-3.90000000E-13	-1.08290000E-12	     NaN
5.69234600E+6	2.80000000E+2	-4.10000000E+0	0.00000000E+0	-1.08300000E-13	-3.70000000E-13	-1.08060000E-12	     NaN
5.69848800E+6	2.80000000E+2	-4.10000000E+0	0.00000000E+0	-1.10000000E-13	-3.60000000E-13	-1.08000000E-12	     NaN
5.70462800E+6	2.80000000E+2	-4.10000000E+0	0.00000000E+0	-1.07900000E-13	-3.80000000E-13	-1.07890000E-12	     NaN
