Dark scan Region 2_ before change of range
Range Instrument 1 Keithley B: 200 pA
Range Instrument 2 Keithley A: 20 nA
Range Instrument 3 Keithley C: 200 pA
Relative Time (msec)	Photon Energy	Var_1	Var_2	Keithley B	Keithley A	Keithley C	
________________________________________________________________________________

3.86193100E+6	2.97100000E+2	-2.75000000E+0	9.00000000E+1	-1.49200000E-13	-5.70000000E-13	-1.08290000E-12	     NaN
3.86807600E+6	2.97100000E+2	-2.75000000E+0	9.00000000E+1	-1.44500000E-13	-4.90000000E-13	-1.08160000E-12	     NaN
3.87421700E+6	2.97100000E+2	-2.75000000E+0	9.00000000E+1	-1.39300000E-13	-4.60000000E-13	-1.08670000E-12	     NaN
3.88035500E+6	2.97100000E+2	-2.75000000E+0	9.00000000E+1	-1.35200000E-13	-4.50000000E-13	-1.07870000E-12	     NaN
3.88649500E+6	2.97100000E+2	-2.75000000E+0	9.00000000E+1	-1.32200000E-13	-4.30000000E-13	-1.08330000E-12	     NaN
3.89263400E+6	2.97100000E+2	-2.75000000E+0	9.00000000E+1	-1.33800000E-13	-4.20000000E-13	-1.07710000E-12	     NaN
3.89877900E+6	2.97100000E+2	-2.75000000E+0	9.00000000E+1	-1.31500000E-13	-4.30000000E-13	-1.07910000E-12	     NaN
3.90492000E+6	2.97100000E+2	-2.75000000E+0	9.00000000E+1	-1.31000000E-13	-4.10000000E-13	-1.08010000E-12	     NaN
3.91106300E+6	2.97100000E+2	-2.75000000E+0	9.00000000E+1	-1.28100000E-13	-4.10000000E-13	-1.06780000E-12	     NaN
3.91722100E+6	2.97100000E+2	-2.75000000E+0	9.00000000E+1	-1.23600000E-13	-4.10000000E-13	-1.07180000E-12	     NaN
3.92336300E+6	2.97100000E+2	-2.75000000E+0	9.00000000E+1	-1.19600000E-13	-4.00000000E-13	-1.07580000E-12	     NaN
